Lithium Hexafluoroaluminate (Li3AlF6)	Al1F6Li3(cr)
T(K)	Cp	S	-[G-H(Tr)]/T	H-H(Tr)	delta-f H	delta-f G	log Kf
0	0.	0.	INFINITE	-32.146	-3370.866	-3370.866	INFINITE
100	70.982	38.225	333.657	-29.543	-3378.953	-3328.763	1738.767
200	156.222	115.960	205.121	-17.832	-3383.356	-3276.431	855.716
298.15	202.506	187.891	187.891	0.	-3383.601	-3223.790	564.795
300	203.133	189.145	187.895	0.375	-3383.581	-3222.799	561.139
400	229.869	251.549	196.222	22.131	-3381.793	-3169.443	413.887
500	248.111	304.904	212.753	46.075	-3388.377	-3115.708	325.496
600	262.295	351.440	232.072	71.621	-3384.937	-3061.477	266.525
700	274.052	392.779	252.131	98.453	-3380.383	-3007.913	224.453
748.000	279.073	411.132	261.751	111.737	BETA <--> GAMMA
748.000	279.073	413.929	261.751	113.829	TRANSITION
800	284.512	432.865	272.262	128.482	-3372.851	-2955.211	192.956
848.000	289.533	449.589	281.830	142.259	GAMMA <--> DELTA
848.000	289.533	451.069	281.830	143.515	TRANSITION
900	294.972	468.460	292.114	158.712	-3365.399	-2903.447	168.512
978.000	303.131	493.311	307.178	182.038	DELTA <--> EPSILON
978.000	303.131	493.739	307.178	182.456	TRANSITION
1000	305.432	500.508	311.357	189.150	-3368.604	-2851.735	148.959
1058.000	311.499	517.898	322.206	207.041	EPSILON <--> LIQUID
1100	315.892	530.109	329.912	220.217	3360.516  2800.432 132.981
1200	326.352	558.044	347.770	252.329	-3351.444	-2749.908	119.700
1300	336.812	584.579	364.974	285.487	-3341.386	-2700.181	108.495
1400	347.272	609.922	381.571	319.691	-3330.327	-2651.266	98.920
1500	357.732	634.238	397.611	354.941	-3318.256	-2603.177	90.651
1600	368.192	657.660	413.136	391.238	-3305.169	-2555.926	83.442
