Barium Fluoride (BaF2)	Ba1F2(l)
T(K)	Cp	S	-[G-H(Tr)]/T	H-H(Tr)	delta-f H	delta-f G	log Kf
0														
100														
200														
298.15	72.203	121.254	121.254	0.000	-1171.294	-1128.357	197.684
300	72.304	121.701	121.256	0.134	-1171.270	-1128.091	196.418
400	75.940	143.027	124.139	7.555	-1170.085	-1113.885	145.458
500	78.450	160.253	129.694	15.280	-1169.544	-1099.916	114.907
600	80.333	174.720	136.024	23.218	-1169.702	-1085.965	94.542
700	82.383	187.251	142.467	31.349	-1168.937	-1072.079	80.000
800	84.935	198.405	148.774	39.705	-1168.517	-1058.263	69.097
900	88.701	208.606	154.862	48.369	-1167.414	-1044.544	60.624
1000	94.558	218.222	160.721	57.501	-1165.879	-1030.969	53.852
1100	104.182	227.655	166.377	67.407	-1171.970	-1016.761	48.282
1100.000	104.182	227.655	166.377	67.407	GLASS <--> LIQUID
1100.000	99.826	227.655	166.377	67.407	TRANSITION
1200	99.826	236.341	171.850	77.389	-1169.875	-1002.742	43.648
1300	99.826	244.332	177.123	87.372	-1167.704	-988.902	39.735
1400	99.826	251.730	182.191	97.354	-1165.476	-975.232	36.386
1500	99.826	258.617	187.059	107.337	-1163.213	-961.722	33.490
1600	99.826	265.060	191.735	117.320	-1160.931	-948.363	30.961
1641.000	99.826	267.585	193.598	121.413	GAMMA <--> LIQUID
1700	99.826	271.111	196.228	127.302	1158.652  935.147 28.734
1800	99.826	276.817	200.548	137.285	-1156.393	-922.065	26.758
1900	99.826	282.215	204.705	147.267	-1154.174	-909.108	24.993
2000	99.826	287.335	208.710	157.250	-1152.011	-896.266	23.408
2100	99.826	292.206	212.571	167.233	-1149.925	-883.531	21.977
2200	99.826	296.850	216.297	177.215	-1287.453	-865.517	20.550
2300	99.826	301.287	219.897	187.198	-1284.735	-846.400	19.222
2400	99.826	305.536	223.377	197.181	-1282.236	-827.396	18.008
2500	99.826	309.611	226.745	207.163	-1279.952	-808.492	16.893
2600	99.826	313.526	230.008	217.146	-1277.876	-789.675	15.865
2700	99.826	317.293	233.172	227.128	-1275.994	-770.935	14.915
2800	99.826	320.924	236.241	237.111	-1274.288	-752.260	14.034
2900	99.826	324.427	239.222	247.094	-1272.736	-733.644	13.214
3000	99.826	327.811	242.119	257.076	-1271.316	-715.080	12.451
3100	99.826	331.084	244.936	267.059	-1270.001	-696.561	11.737
3200	99.826	334.254	247.678	277.041	-1268.767	-678.082	11.069
3300	99.826	337.326	250.349	287.024	-1267.581	-659.642	10.441
3400	99.826	340.306	252.951	297.007	-1266.430	-641.237	9.851
3500	99.826	343.199	255.488	306.989	-1265.291	-622.866	9.296
