Beryllium (Be)	Be1(cr)
T(K)	Cp	S	-[G-H(Tr)]/T	H-H(Tr)	delta-f H	delta-f G	log Kf
0	0.	0.	INFINITE	-1.932	0.	0.	0.
100	1.819	0.503	19.434	-1.893	0.	0.	0.
200	9.984	4.174	10.751	-1.315	0.	0.	0.
250	13.574	6.801	9.695	-0.723	0.	0.	0.
298.15	16.380	9.440	9.440	0.	0.	0.	0.
300	16.472	9.542	9.440	0.030	0.	0.	0.
350	18.520	12.245	9.649	0.909	0.	0.	0.
400	19.965	14.817	10.136	1.872	0.	0.	0.
450	21.061	17.235	10.792	2.899	0.	0.	0.
500	21.943	19.501	11.551	3.975	0.	0.	0.
600	23.336	23.630	13.227	6.242	0.	0.	0.
700	24.463	27.314	14.981	8.634	0.	0.	0.
800	25.458	30.647	16.734	11.130	0.	0.	0.
900	26.384	33.699	18.452	13.723	0.	0.	0.
1000	27.274	36.525	20.119	16.406	0.	0.	0.
1100	28.147	39.166	21.732	19.177	0.	0.	0.
1200	29.016	41.652	23.290	22.035	0.	0.	0.
1300	29.886	44.009	24.793	24.980	0.	0.	0.
1400	30.763	46.256	26.247	28.013	0.	0.	0.
1500	31.650	48.409	27.653	31.133	0.	0.	0.
1527.000	31.892	48.975	28.025	31.991	ALPHA <--> BETA
1527.000	30.000	53.461	28.025	38.840	TRANSITION
1560.000	30.000	54.102	28.570	39.830	BETA <--> LIQUID
1600	30.000	54.862	29.218	41.030	7.848 0.202  0.007
1700	30.000	56.680	30.780	44.030	-7.747	0.702	-0.022
1800	30.000	58.395	32.267	47.030	-7.666	1.196	-0.035
1900	30.000	60.017	33.685	50.030	-7.607	1.687	-0.046
2000	30.000	61.556	35.041	53.030	-7.570	2.175	-0.057
