Titanium Bromide (TiBr4)	Br4Ti1(cr,l)
T(K)	Cp	S	-[G-H(Tr)]/T	H-H(Tr)	delta-f H	delta-f G	log Kf
0	0.	0.	INFINITE	-28.556	-592.684	-592.684	INFINITE
100	94.098	120.922	349.954	-22.903	-593.178	-593.675	310.104
200	117.273	194.146	255.191	-12.209	-594.203	-593.819	155.090
298.15	131.503	243.622	243.622	0.	-617.977	-590.681	103.485
300	131.815	244.436	243.624	0.244	-618.060	-590.512	102.817
311.400	133.779	249.388	243.745	1.757	CRYSTAL <--> LIQUID
311.400	151.879	290.772	243.745	14.644	TRANSITION
400	151.879	328.800	258.549	28.101	-661.776	-573.053	74.833
500	151.879	362.691	276.114	43.289	-656.712	-551.461	57.611
600	151.879	390.382	292.921	58.476	-651.789	-530.876	46.217
700	151.879	413.794	308.559	73.664	-646.966	-511.106	38.139
800	151.879	434.075	323.009	88.852	-642.207	-492.023	32.126
900	151.879	451.964	336.363	104.040	-637.539	-473.531	27.483
1000	151.879	467.966	348.738	119.228	-633.020	-455.552	23.796
