Trichloromethylsilane (SiCH3Cl3)	C1H3Cl3Si1(g)
T(K)	Cp	S	-[G-H(Tr)]/T	H-H(Tr)	delta-f H	delta-f G	log Kf
0														
100														
200														
298.15	102.382	351.147	351.147	0.	-528.858	-409.577	71.756
300	102.634	351.781	351.149	0.190	-528.975	-408.836	71.185
400	114.725	383.033	355.328	11.082	-535.150	-367.848	48.036
500	123.888	409.653	363.596	23.029	-540.932	-325.346	33.989
600	131.127	432.901	373.250	35.791	-546.360	-281.713	24.525
700	137.026	453.570	383.275	49.206	-551.487	-237.196	17.700
800	141.963	472.197	393.245	63.161	-556.369	-191.962	12.534
900	146.231	489.170	402.974	77.576	-561.055	-146.128	8.481
1000	149.871	504.769	412.384	92.385	-565.597	-99.780	5.212
1100	153.051	519.206	421.447	107.535	-570.038	-52.983	2.516
1200	155.770	532.643	430.160	122.979	-574.422	-5.784	0.252
1300	158.155	545.207	438.532	138.678	-578.783	41.779	-1.679
1400	160.205	557.004	446.577	154.598	-583.150	89.678	-3.346
1500	162.004	568.120	454.313	170.711	-587.547	137.891	-4.802
