Lithium Perchlorate (LiClO4)	Cl1Li1O4(cr)
T(K)	Cp	S	-[G-H(Tr)]/T	H-H(Tr)	delta-f H	delta-f G	log Kf
0														
100														
200														
298.15	105.018	125.520	125.520	0.	-380.744	-253.911	44.484
300	105.437	126.171	125.522	0.195	-380.735	-253.125	44.073
400	129.704	160.077	129.980	12.039	-379.169	-210.770	27.524
500	143.511	190.659	139.119	25.770	-379.274	-168.682	17.622
509.000	144.340	193.227	140.053	27.065	CRYSTAL <--> LIQUID
600	152.716	217.656	150.004	40.591	375.571  126.899 11.048
700	160.038	241.758	161.421	56.236	-371.197	-85.791	6.402
800	166.523	263.561	172.847	72.571	-366.282	-45.349	2.961
900	172.067	283.501	184.050	89.506	-360.909	-5.550	0.322
1000	176.983	301.890	194.926	106.963	-355.130	33.628	-1.757
1100	180.972	318.945	205.435	124.861	-349.006	72.210	-3.429
1200	184.933	334.862	215.564	143.157	-342.565	110.221	-4.798
1300	188.866	349.820	225.322	161.847	-335.799	147.680	-5.934
1400	192.771	363.959	234.724	180.929	-328.701	184.607	-6.888
1500	196.648	377.392	243.791	200.400	-321.266	221.014	-7.696
