Cesium Chloride (CsCl)	Cl1Cs1(l)
T(K)	Cp	S	-[G-H(Tr)]/T	H-H(Tr)	delta-f H	delta-f G	log Kf
0														
100														
200														
298.15	77.404	101.708	101.708	0.	-434.468	-406.150	71.156
300	77.404	102.187	101.710	0.143	-434.416	-405.975	70.686
400	77.404	124.455	104.746	7.884	-433.690	-396.236	51.743
500	77.404	141.727	110.479	15.624	-430.867	-387.199	40.450
600	77.404	155.840	116.899	23.364	-428.050	-378.731	32.971
700	77.404	167.771	123.336	31.105	-425.242	-370.733	27.664
800	77.404	178.107	129.551	38.845	-422.445	-363.137	23.710
900	77.404	187.224	135.462	46.586	-419.659	-355.891	20.655
918.000	77.404	188.757	136.492	47.979	BETA <--> LIQUID
1000	77.404	195.379	141.053	54.326	484.013  345.255 18.034
1100	77.404	202.757	146.333	62.066	-480.226	-331.563	15.745
1200	77.404	209.492	151.320	69.807	-476.446	-318.215	13.852
1300	77.404	215.688	156.036	77.547	-472.671	-305.182	12.262
1400	77.404	221.424	160.504	85.288	-468.902	-292.439	10.911
1500	77.404	226.764	164.745	93.028	-465.140	-279.966	9.749
1600	77.404	231.760	168.779	100.768	-461.386	-267.744	8.741
1700	77.404	236.452	172.624	108.509	-457.641	-255.756	7.858
1800	77.404	240.877	176.294	116.249	-453.909	-243.988	7.080
1900	77.404	245.062	179.804	123.990	-450.193	-232.427	6.390
2000	77.404	249.032	183.167	131.730	-446.498	-221.062	5.774
2100	77.404	252.808	186.394	139.470	-442.827	-209.880	5.220
2200	77.404	256.409	189.495	147.211	-439.186	-198.873	4.722
2300	77.404	259.850	192.480	154.951	-435.581	-188.030	4.270
2400	77.404	263.144	195.356	162.692	-432.019	-177.344	3.860
2500	77.404	266.304	198.131	170.432	-428.504	-166.805	3.485
2600	77.404	269.340	200.812	178.172	-425.045	-156.405	3.142
2700	77.404	272.261	203.405	185.913	-421.648	-146.138	2.827
2800	77.404	275.076	205.914	193.653	-418.318	-135.995	2.537
2900	77.404	277.792	208.346	201.394	-415.065	-125.970	2.269
3000	77.404	280.416	210.705	209.134	-411.893	-116.055	2.021
