Iodine Chloride (ICl)	Cl1I1(l)
T(K)	Cp	S	-[G-H(Tr)]/T	H-H(Tr)	delta-f H	delta-f G	log Kf
0														
100														
200														
298.15	102.759	136.167	136.167	0.	-23.929	-13.958	2.445
300	102.851	136.802	136.168	0.190	-23.821	-13.896	2.420
300.530	103.856	136.972	136.170	0.241	CRYSTAL <--> LIQUID
400	98.324	165.893	140.170	10.289	26.275  11.168 1.458
500	94.140	187.384	147.559	19.913	-42.536	-5.941	0.621
600	89.956	204.178	155.649	29.117	-37.025	0.853	-0.074
700	85.772	217.730	163.582	37.904	-31.958	6.759	-0.504
800	81.588	228.911	171.071	46.272	-27.329	11.969	-0.781
900	77.404	238.279	178.033	54.221	-23.135	16.625	-0.965
1000	73.220	246.217	184.465	61.753	-19.373	20.837	-1.088
