Tungsten Chloride (WCl2)	Cl2W1(cr)
T(K)	Cp	S	-[G-H(Tr)]/T	H-H(Tr)	delta-f H	delta-f G	log Kf
0														
100														
200														
298.15	77.822	130.541	130.541	0.	-257.316	-219.988	38.541
300	77.864	131.022	130.542	0.144	-257.280	-219.757	38.263
400	80.052	153.721	133.622	8.040	-255.318	-207.544	27.102
500	82.241	171.817	139.511	16.153	-253.290	-195.833	20.459
600	84.429	187.006	146.194	24.487	-251.145	-184.541	16.066
700	86.617	200.185	152.986	33.039	-248.866	-173.619	12.956
800	88.805	211.893	159.631	41.810	-246.440	-163.033	10.645
900	91.002	222.480	166.035	50.801	-243.859	-152.760	8.866
1000	93.190	232.181	172.171	60.010	-241.119	-142.784	7.458
1100	95.378	241.166	178.040	69.439	-238.220	-133.089	6.320
1200	97.567	249.559	183.654	79.086	-235.159	-123.666	5.383
1300	99.755	257.455	189.030	88.952	-231.935	-114.504	4.601
1400	101.943	264.927	194.187	99.037	-228.548	-105.597	3.940
1500	104.131	272.035	199.142	109.341	-224.998	-96.938	3.376
1600	106.320	278.826	203.911	119.863	-221.285	-88.521	2.890
1700	108.508	285.337	208.511	130.605	-217.409	-80.341	2.469
1800	110.696	291.601	212.954	141.565	-213.371	-72.393	2.101
1900	112.884	297.645	217.253	152.744	-209.172	-64.675	1.778
2000	115.073	303.491	221.420	164.142	-204.812	-57.182	1.493
