Zirconium Chloride (ZrCl3)	Cl3Zr1(cr)
T(K)	Cp	S	-[G-H(Tr)]/T	H-H(Tr)	delta-f H	delta-f G	log Kf
0														
100														
200														
298.15	96.190	145.812	145.812	0.	-714.209	-646.327	113.234
300	96.311	146.408	145.814	0.178	-714.172	-645.906	112.462
400	100.705	174.755	149.649	10.042	-712.072	-623.463	81.416
500	103.470	197.536	157.023	20.257	-709.839	-601.567	62.845
600	105.583	216.593	165.406	30.712	-707.523	-580.129	50.505
700	107.378	233.005	173.918	41.361	-705.149	-559.083	41.719
800	109.052	247.454	182.224	52.184	-702.725	-538.382	35.153
900	110.596	260.388	190.203	63.166	-700.270	-517.986	30.063
1000	112.081	272.121	197.817	74.304	-697.794	-497.865	26.006
1100	113.177	282.855	205.067	85.567	-695.328	-477.992	22.698
1200	114.223	292.748	211.967	96.937	-696.602	-458.120	19.941
1300	115.269	301.932	218.538	108.412	-693.654	-438.366	17.614
1400	116.315	310.514	224.805	119.992	-690.657	-418.840	15.627
1500	117.152	318.567	230.790	131.666	-687.633	-399.530	13.913
1600	117.989	326.155	236.515	143.424	-684.602	-380.422	12.420
1700	118.700	333.329	242.001	155.258	-681.581	-361.504	11.108
1800	119.453	340.137	247.266	167.168	-678.583	-342.762	9.947
1900	119.872	346.607	252.325	179.135	-675.638	-324.186	8.912
2000	120.290	352.766	257.195	191.143	-672.773	-305.763	7.986
