Cobalt (Co)	Co1(cr)
T(K)	Cp	S	-[G-H(Tr)]/T	H-H(Tr)	delta-f H	delta-f G	log Kf
0	0.	0.	INFINITE	-4.771	0.	0.	0.
100	13.909	7.681	50.176	-4.249	0.	0.	0.
200	22.226	20.588	32.287	-2.340	0.	0.	0.
250	23.984	25.738	30.475	-1.184	0.	0.	0.
298.15	24.802	30.067	30.067	0.	0.	0.	0.
300	24.833	30.221	30.068	0.046	0.	0.	0.
350	25.682	34.113	30.373	1.309	0.	0.	0.
400	26.527	37.597	31.062	2.614	0.	0.	0.
450	27.390	40.772	31.967	3.962	0.	0.	0.
500	28.200	43.700	32.996	5.352	0.	0.	0.
600	29.665	48.973	35.229	8.246	0.	0.	0.
700	31.045	53.650	37.533	11.282	0.	0.	0.
700.100	31.047	53.655	37.535	11.285	ALPHA <--> BETA
700.100	30.583	54.300	37.535	11.737	TRANSITION
800	32.426	58.497	39.894	14.883	0.	0.	0.
900	34.518	62.433	42.181	18.227	0.	0.	0.
1000	36.987	66.194	44.396	21.799	0.	0.	0.
1100	39.832	69.849	46.544	25.635	0.	0.	0.
1200	43.221	73.445	48.636	29.771	0.	0.	0.
1300	48.660	77.110	50.685	34.354	0.	0.	0.
1394.000	54.978	80.719	52.587	39.215	Cp LAMBDA MAXIMUM
1394.000	54.999	80.719	52.587	39.215	TRANSITION
1400	44.225	80.930	52.708	39.511	0.	0.	0.
1500	39.748	83.794	54.688	43.659	0.	0.	0.
1600	38.284	86.307	56.587	47.552	0.	0.	0.
1700	37.782	88.608	58.404	51.347	0.	0.	0.
1768.000	37.990	90.092	59.594	53.921	BETA <--> LIQUID
1800	37.656	90.776	60.142	55.141	16.269 0.293  0.009
1900	37.656	92.812	61.809	58.906	-16.553	1.221	-0.034
2000	37.656	94.744	63.408	62.672	-16.838	2.164	-0.057
2100	37.656	96.581	64.944	66.437	-17.122	3.121	-0.078
2200	37.656	98.333	66.422	70.203	-17.407	4.092	-0.097
2300	37.656	100.006	67.846	73.969	-17.691	5.076	-0.115
2400	37.656	101.609	69.220	77.734	-17.976	6.071	-0.132
2500	37.656	103.146	70.546	81.500	-18.260	7.079	-0.148
