Cesium Fluoride (CsF)	Cs1F1(cr,l)
T(K)	Cp	S	-[G-H(Tr)]/T	H-H(Tr)	delta-f H	delta-f G	log Kf
0														
100														
200														
298.15	51.965	88.282	88.282	0.	-554.673	-525.377	92.044
300	52.007	88.604	88.283	0.096	-554.665	-525.195	91.445
400	53.764	103.805	90.344	5.384	-556.266	-514.758	67.221
500	55.564	115.996	94.294	10.851	-555.615	-504.454	52.700
600	57.363	126.286	98.790	16.497	-554.811	-494.295	43.032
700	59.120	135.260	103.372	22.322	-553.860	-484.282	36.138
800	60.877	143.269	107.867	28.321	-552.758	-474.415	30.976
900	62.634	150.541	112.211	34.497	-551.504	-464.696	26.970
976.000	63.952	155.672	115.397	39.308	CRYSTAL <--> LIQUID
976.000	74.057	177.921	115.397	61.023	TRANSITION
1000	74.057	179.720	116.920	62.800	-595.272	-451.962	23.608
1100	74.057	186.778	122.955	70.206	-591.805	-437.799	20.789
1200	74.057	193.222	128.546	77.611	-588.351	-423.951	18.454
1300	74.057	199.150	133.752	85.017	-584.910	-410.391	16.490
1400	74.057	204.638	138.622	92.423	-581.480	-397.095	14.816
1500	74.057	209.747	143.195	99.828	-578.062	-384.044	13.374
1600	74.057	214.527	147.505	107.234	-574.657	-371.221	12.119
1700	74.057	219.016	151.581	114.640	-571.266	-358.610	11.019
1800	74.057	223.249	155.446	122.045	-567.890	-346.198	10.046
1900	74.057	227.253	159.121	129.451	-564.531	-333.974	9.182
2000	74.057	231.052	162.624	136.857	-561.192	-321.925	8.408
2100	74.057	234.665	165.969	144.262	-557.875	-310.044	7.712
2200	74.057	238.110	169.170	151.668	-554.583	-298.320	7.083
2300	74.057	241.402	172.240	159.074	-551.320	-286.744	6.512
2400	74.057	244.554	175.188	166.479	-548.090	-275.310	5.992
2500	74.057	247.577	178.023	173.885	-544.895	-264.010	5.516
2600	74.057	250.482	180.755	181.291	-541.740	-252.837	5.080
2700	74.057	253.277	183.389	188.697	-538.631	-241.785	4.678
2800	74.057	255.970	185.933	196.102	-535.571	-230.847	4.306
2900	74.057	258.569	188.394	203.508	-532.566	-220.017	3.963
3000	74.057	261.079	190.775	210.914	-529.620	-209.290	3.644
