Cesium (Cs)	Cs1(cr)
T(K)	Cp	S	-[G-H(Tr)]/T	H-H(Tr)	delta-f H	delta-f G	log Kf
0	0.	0.	INFINITE	-7.717	0.	0.	0.
100	25.812	54.952	110.635	-5.568	0.	0.	0.
200	27.804	73.453	87.892	-2.888	0.	0.	0.
250	29.201	79.784	85.656	-1.468	0.	0.	0.
298.15	32.195	85.147	85.147	0.	0.	0.	0.
300	32.355	85.347	85.148	0.060	0.	0.	0.
301.550	32.501	85.514	85.149	0.110	CRYSTAL <--> LIQUID
350	34.840	90.550	85.553	1.749	2.005 0.331  0.049
400	36.066	95.290	86.479	3.524	-1.815	0.653	-0.085
450	36.777	99.582	87.700	5.347	-1.563	0.946	-0.110
500	37.196	103.480	89.086	7.197	-1.274	1.210	-0.126
600	37.530	110.295	92.069	10.935	-0.643	1.648	-0.144
700	37.614	116.087	95.097	14.693	0.018	1.978	-0.148
800	37.635	121.111	98.042	18.455	0.687	2.212	-0.144
900	37.656	125.545	100.856	22.220	1.358	2.363	-0.137
1000	37.656	129.513	103.527	25.986	-65.103	6.138	-0.321
