Titanium Fluoride (TiF3)	F3Ti1(cr)
T(K)	Cp	S	-[G-H(Tr)]/T	H-H(Tr)	delta-f H	delta-f G	log Kf
0														
100														
200														
298.15	92.023	87.864	87.864	0.	-1435.530	-1361.864	238.593
300	92.048	88.433	87.866	0.170	-1435.494	-1361.407	237.042
400	93.303	115.049	91.486	9.425	-1433.682	-1336.992	174.593
500	96.106	136.170	98.379	18.895	-1432.000	-1313.014	137.170
600	98.475	153.900	106.194	28.624	-1430.307	-1289.376	112.250
700	100.952	169.264	114.130	38.594	-1428.552	-1266.025	94.472
800	103.537	182.912	121.890	48.817	-1426.668	-1242.933	81.155
900	106.232	195.262	129.367	59.305	-1424.653	-1220.086	70.812
1000	109.035	206.598	136.531	70.067	-1422.546	-1197.469	62.549
1100	111.947	217.126	143.385	81.116	-1420.393	-1175.066	55.799
1200	114.968	226.996	149.945	92.461	-1422.162	-1152.740	50.177
1300	118.098	236.321	156.234	104.113	-1419.144	-1130.409	45.420
1400	121.336	245.191	162.274	116.084	-1415.918	-1108.319	41.352
1500	124.683	253.691	168.087	128.406	-1412.462	-1086.467	37.834
1600	125.520	261.764	173.692	140.916	-1408.949	-1064.849	34.764
1700	126.357	269.399	179.099	153.510	-1405.496	-1043.448	32.061
1800	127.194	276.645	184.319	166.187	-1402.112	-1022.249	29.665
1900	128.030	283.544	189.361	178.948	-1398.807	-1001.237	27.526
2000	128.867	290.133	194.236	191.793	-1410.275	-979.942	25.593
