Iron Hydroxide (Fe(OH)3)	Fe1H3O3(cr)
T(K)	Cp	S	-[G-H(Tr)]/T	H-H(Tr)	delta-f H	delta-f G	log Kf
0														
100														
200														
298.15	101.671	104.600	104.600	0.	-832.616	-705.467	123.595
300	102.090	105.230	104.602	0.188	-832.636	-704.678	122.695
400	117.989	136.877	108.809	11.227	-833.040	-661.930	86.439
500	129.704	164.480	117.242	23.619	-832.474	-619.202	64.688
600	140.582	189.140	127.205	37.161	-831.150	-576.661	50.203
700	148.114	211.387	137.669	51.603	-829.323	-534.385	39.876
800	154.808	231.616	148.166	66.759	-827.216	-492.393	32.150
900	160.247	250.172	158.484	82.519	-825.055	-450.671	26.156
1000	164.850	267.303	168.520	98.783	-823.237	-409.177	21.373
1100	168.406	283.188	178.231	115.452	-822.032	-367.813	17.466
1200	171.126	297.962	187.601	132.434	-820.081	-326.624	14.218
1300	173.218	311.747	196.626	149.657	-816.357	-285.654	11.478
1400	174.682	324.640	205.315	167.055	-812.653	-244.970	9.140
1500	175.728	336.729	213.677	184.579	-809.013	-204.549	7.123
