Water, 5000 Bar (H2O)	H2O1(fl)
T(K)	Cp	S	-[G-H(Tr)]/T	H-H(Tr)	delta-f H	delta-f G	log Kf
0														
100														
200														
298.15	62.350	66.927	66.927	0.	-278.394	-228.804	40.086
300	63.153	67.316	66.929	0.116	-278.358	-228.496	39.785
400	67.912	86.697	69.552	6.858	-276.008	-212.226	27.714
500	67.526	101.838	74.553	13.642	-273.676	-196.553	20.534
600	67.186	114.105	80.154	20.370	-271.457	-181.338	15.787
700	67.489	124.482	85.764	27.102	-269.290	-166.490	12.424
800	67.633	133.510	91.180	33.863	-267.150	-151.951	9.921
900	67.178	141.455	96.334	40.609	-265.082	-137.676	7.991
1000	66.153	148.483	101.205	47.278	-263.148	-123.625	6.458
1100	64.807	154.725	105.792	53.826	-261.393	-109.759	5.212
1200	63.396	160.303	110.106	60.236	-259.836	-96.045	4.181
1300	62.089	165.324	114.164	66.508	-258.475	-82.452	3.313
1400	60.968	169.883	117.984	72.659	-257.295	-68.957	2.573
1500	60.056	174.057	121.585	78.709	-256.274	-55.541	1.934
1600	59.344	177.910	124.986	84.678	-255.391	-42.188	1.377
1700	58.804	181.490	128.206	90.584	-254.624	-28.887	0.888
1800	58.408	184.840	131.260	96.443	-253.956	-15.628	0.454
