Lithium Iodide (LiI)	I1Li1(l)
T(K)	Cp	S	-[G-H(Tr)]/T	H-H(Tr)	delta-f H	delta-f G	log Kf
0														
100														
200														
298.15	63.178	98.611	98.611	0.	-258.349	-261.764	45.860
300	63.178	99.002	98.612	0.117	-258.328	-261.785	45.581
400	63.178	117.177	101.090	6.435	-265.430	-262.809	34.319
500	63.178	131.275	105.770	12.753	-289.143	-259.879	27.149
600	63.178	142.794	111.010	19.070	-287.685	-254.163	22.127
700	63.178	152.533	116.264	25.388	-286.177	-248.694	18.558
742.000	63.178	156.214	118.422	28.042	CRYSTAL <--> LIQUID
800	63.178	160.969	121.336	31.706	284.644  243.444 15.895
900	63.178	168.410	126.162	38.024	-283.113	-238.386	13.836
1000	63.178	175.067	130.725	44.342	-281.582	-233.498	12.197
1100	63.178	181.088	135.034	50.660	-280.053	-228.764	10.863
1200	63.178	186.586	139.104	56.977	-278.527	-224.169	9.758
1300	63.178	191.643	142.954	63.295	-277.010	-219.700	8.828
1400	63.178	196.325	146.601	69.613	-275.502	-215.348	8.035
1500	63.178	200.683	150.063	75.931	-274.005	-211.104	7.351
1600	63.178	204.761	153.355	82.249	-272.525	-206.959	6.757
1700	63.178	208.591	156.493	88.567	-416.302	-195.730	6.014
1800	63.178	212.202	159.489	94.884	-414.116	-182.818	5.305
1900	63.178	215.618	162.354	101.202	-411.965	-170.027	4.674
2000	63.178	218.859	165.099	107.520	-409.851	-157.349	4.110
2100	63.178	221.941	167.733	113.838	-407.773	-144.775	3.601
2200	63.178	224.880	170.264	120.156	-405.731	-132.299	3.141
2300	63.178	227.689	172.700	126.474	-403.721	-119.916	2.723
2400	63.178	230.378	175.048	132.792	-401.739	-107.619	2.342
2500	63.178	232.957	177.313	139.109	-399.782	-95.404	1.993
