Titanium Iodide (TiI2)	I2Ti1(cr)
T(K)	Cp	S	-[G-H(Tr)]/T	H-H(Tr)	delta-f H	delta-f G	log Kf
0														
100														
200														
298.15	86.228	122.591	122.591	0.	-266.102	-258.854	45.350
300	86.241	123.125	122.593	0.160	-266.090	-258.810	45.063
400	86.969	148.034	125.984	8.820	-281.682	-255.901	33.417
500	87.697	167.519	132.412	17.553	-323.885	-245.418	25.639
600	88.425	183.572	139.640	26.359	-321.659	-229.934	20.018
700	89.153	197.258	146.917	35.238	-319.435	-214.822	16.030
800	89.881	209.210	153.973	44.190	-317.188	-200.030	13.061
900	90.609	219.838	160.711	53.214	-314.944	-185.521	10.767
1000	91.337	229.423	167.111	62.312	-312.770	-171.258	8.946
1100	92.065	238.162	173.179	71.482	-310.730	-157.207	7.465
1200	92.793	246.204	178.933	80.725	-312.815	-143.215	6.234
1300	93.521	253.660	184.398	90.040	-310.336	-129.182	5.191
1400	94.249	260.617	189.597	99.429	-307.893	-115.339	4.303
1500	94.977	267.145	194.551	108.890	-305.509	-101.669	3.540
1600	95.705	273.298	199.282	118.424	-303.207	-88.155	2.878
1700	96.433	279.121	203.809	128.031	-301.008	-74.782	2.298
1800	97.161	284.654	208.148	137.711	-298.933	-61.535	1.786
1900	97.889	289.927	212.315	147.463	-296.999	-48.400	1.331
2000	98.617	294.966	216.322	157.288	-309.906	-34.909	0.912
