Molybdenum Oxide (MoO2.889)	Mo1O2.889(cr)
T(K)	Cp	S	-[G-H(Tr)]/T	H-H(Tr)	delta-f H	delta-f G	log Kf
0														
100														
200														
298.15	72.772	74.281	74.281	0.	-729.165	-654.461	114.659
300	72.995	74.732	74.282	0.135	-729.153	-653.998	113.871
400	80.923	96.896	77.250	7.858	-728.175	-629.078	82.149
500	85.550	115.463	83.088	16.188	-726.812	-604.456	63.147
600	89.487	131.409	89.843	24.940	-725.239	-580.129	50.505
700	93.383	145.494	96.806	34.082	-723.469	-556.082	41.495
800	97.415	158.225	103.700	43.621	-721.470	-532.303	34.756
900	101.611	169.940	110.417	53.571	-719.204	-508.790	29.529
1000	105.973	180.870	116.922	63.949	-716.637	-485.545	25.362
1100	110.476	191.181	123.208	74.770	-713.746	-462.573	21.966
1200	115.105	200.991	129.284	86.048	-710.511	-439.879	19.147
1300	119.846	210.391	135.164	97.795	-706.919	-417.470	16.774
1400	124.679	219.449	140.863	110.021	-702.961	-395.351	14.751
1500	129.595	228.218	146.396	122.734	-698.631	-373.528	13.007
