Nickel Sulfide (NiS)	Ni1S1(l)
T(K)	Cp	S	-[G-H(Tr)]/T	H-H(Tr)	delta-f H	delta-f G	log Kf
0														
100														
200														
298.15	47.112	72.441	72.441	0.	-62.474	-65.609	11.494
300	47.196	72.732	72.442	0.087	-62.477	-65.629	11.427
400	50.501	86.780	74.334	4.978	-64.911	-66.561	8.692
500	53.053	98.329	78.012	10.158	-66.627	-66.788	6.977
600	55.312	108.206	82.240	15.579	-68.069	-66.681	5.805
652.000	56.372	112.847	84.498	18.483	BETA <--> ALPHA
652.000	53.152	122.729	84.498	24.927	TRANSITION
700	54.518	126.553	87.252	27.511	-62.807	-66.823	4.986
800	57.363	134.019	92.638	33.105	-63.511	-67.344	4.397
860.000	59.070	138.228	95.673	36.598	GLASS <--> LIQUID
860.000	76.776	138.228	95.673	36.598	TRANSITION
900	76.776	141.719	97.642	39.669	-116.333	-66.733	3.873
1000	76.776	149.808	102.461	47.346	-113.701	-61.363	3.205
1100	76.776	157.125	107.103	55.024	-111.151	-56.254	2.671
1200	76.776	163.806	111.554	62.702	-108.690	-51.372	2.236
1249.000	76.776	166.878	113.665	66.464	ALPHA <--> LIQUID
1300	76.776	169.951	115.813	70.379	106.325  46.692 1.876
1400	76.776	175.641	119.886	78.057	-104.061	-42.191	1.574
1500	76.776	180.938	123.781	85.735	-101.902	-37.847	1.318
1600	76.776	185.893	127.510	93.412	-99.852	-33.645	1.098
1700	76.776	190.547	131.083	101.090	-97.916	-29.567	0.908
1800	76.776	194.936	134.509	108.768	-113.247	-24.884	0.722
1900	76.776	199.087	137.800	116.445	-111.450	-20.024	0.551
2000	76.776	203.025	140.964	124.123	-109.664	-15.259	0.399
2100	76.776	206.771	144.009	131.800	-107.890	-10.582	0.263
2200	76.776	210.343	146.944	139.478	-106.126	-5.990	0.142
2300	76.776	213.755	149.775	147.156	-104.372	-1.477	0.034
2400	76.776	217.023	152.509	154.833	-102.626	2.959	-0.064
2500	76.776	220.157	155.153	162.511	-100.888	7.322	-0.153
2600	76.776	223.168	157.711	170.189	-99.158	11.617	-0.233
2700	76.776	226.066	160.190	177.866	-97.433	15.845	-0.307
2800	76.776	228.858	162.593	185.544	-95.714	20.009	-0.373
2900	76.776	231.552	164.924	193.222	-94.001	24.111	-0.434
3000	76.776	234.155	167.189	200.899	-92.294	28.155	-0.490
3100	76.776	236.673	169.390	208.577	-90.590	32.142	-0.542
3200	76.776	239.110	171.531	216.254	-465.726	41.262	-0.674
3300	76.776	241.473	173.615	223.932	-462.379	57.054	-0.903
3400	76.776	243.765	175.644	231.610	-459.034	72.744	-1.118
