Strontium (Sr)	Sr1(cr,l)
T(K)	Cp	S	-[G-H(Tr)]/T	H-H(Tr)	delta-f H	delta-f G	log Kf
0	0.	0.	INFINITE	-6.568	0.	0.	0.
100	23.481	28.050	78.738	-5.069	0.	0.	0.
200	25.757	45.209	58.112	-2.581	0.	0.	0.
298.15	26.791	55.694	55.694	0.	0.	0.	0.
300	26.809	55.859	55.694	0.050	0.	0.	0.
350	27.298	60.029	56.022	1.402	0.	0.	0.
400	27.777	63.704	56.757	2.779	0.	0.	0.
450	28.278	67.005	57.716	4.180	0.	0.	0.
500	28.785	70.010	58.797	5.607	0.	0.	0.
600	29.814	75.349	61.122	8.536	0.	0.	0.
700	30.864	80.023	63.495	11.570	0.	0.	0.
800	31.935	84.214	65.827	14.710	0.	0.	0.
820.000	32.151	85.005	66.285	15.351	ALPHA <--> BETA
820.000	29.790	86.026	66.285	16.188	TRANSITION
900	30.125	88.814	68.165	18.584	0.	0.	0.
1000	30.543	92.010	70.393	21.618	0.	0.	0.
1050.000	30.752	93.505	71.458	23.150	BETA <--> LIQUID
1050.000	39.463	100.582	71.458	30.581	TRANSITION
1100	39.463	102.418	72.824	32.554	0.	0.	0.
1200	39.463	105.852	75.435	36.500	0.	0.	0.
1300	39.463	109.010	77.898	40.446	0.	0.	0.
1400	39.463	111.935	80.226	44.393	0.	0.	0.
1500	39.463	114.658	82.432	48.339	0.	0.	0.
1600	39.463	117.204	84.526	52.285	0.	0.	0.
1685.492	39.463	119.259	86.236	55.659	FUGACITY = 1 bar
1700	39.463	119.597	86.520	56.231	136.914 1.180  0.036
1800	39.463	121.853	88.421	60.178	-135.054	9.249	-0.268
1900	39.463	123.986	90.237	64.124	-133.199	17.215	-0.473
2000	39.463	126.010	91.975	68.070	-131.352	25.084	-0.655
2100	39.463	127.936	93.642	72.016	-129.518	32.861	-0.817
2200	39.463	129.771	95.243	75.963	-127.700	40.550	-0.963
2300	39.463	131.526	96.783	79.909	-125.904	48.158	-1.094
2400	39.463	133.205	98.266	83.855	-124.137	55.688	-1.212
2500	39.463	134.816	99.696	87.801	-122.406	63.145	-1.319
2600	39.463	136.364	101.076	91.748	-120.720	70.533	-1.417
2700	39.463	137.853	102.411	95.694	-119.086	77.858	-1.506
2800	39.463	139.288	103.703	99.640	-117.516	85.123	-1.588
2900	39.463	140.673	104.954	103.586	-116.019	92.334	-1.663
3000	39.463	142.011	106.167	107.533	-114.605	99.494	-1.732
