Titanium (Ti)	Ti1(cr,l)
T(K)	Cp	S	-[G-H(Tr)]/T	H-H(Tr)	delta-f H	delta-f G	log Kf
0	0.	0.	INFINITE	-4.830	0.	0.	0.
100	14.334	8.261	50.955	-4.269	0.	0.	0.
200	22.367	21.227	32.989	-2.352	0.	0.	0.
250	24.074	26.414	31.169	-1.189	0.	0.	0.
298.15	25.238	30.759	30.759	0.	0.	0.	0.
300	25.276	30.915	30.760	0.047	0.	0.	0.
350	26.169	34.882	31.071	1.334	0.	0.	0.
400	26.862	38.423	31.772	2.660	0.	0.	0.
450	27.418	41.620	32.692	4.018	0.	0.	0.
500	27.877	44.534	33.733	5.401	0.	0.	0.
600	28.596	49.683	35.973	8.226	0.	0.	0.
700	29.135	54.134	38.257	11.114	0.	0.	0.
800	29.472	58.039	40.490	14.039	0.	0.	0.
900	30.454	61.561	42.639	17.030	0.	0.	0.
1000	32.074	64.848	44.697	20.151	0.	0.	0.
1100	34.334	68.006	46.673	23.466	0.	0.	0.
1166.000	36.175	70.058	47.938	25.791	ALPHA <--> BETA
1166.000	29.245	73.636	47.938	29.963	TRANSITION
1200	29.459	74.479	48.679	30.961	0.	0.	0.
1300	30.175	76.864	50.756	33.941	0.	0.	0.
1400	31.023	79.131	52.702	37.000	0.	0.	0.
1500	32.003	81.304	54.537	40.150	0.	0.	0.
1600	33.115	83.404	56.276	43.405	0.	0.	0.
1700	34.359	85.448	57.932	46.778	0.	0.	0.
1800	35.736	87.451	59.517	50.281	0.	0.	0.
1900	37.244	89.422	61.039	53.929	0.	0.	0.
1939.000	37.868	90.186	61.617	55.394	BETA <--> LIQUID
1939.000	47.237	97.481	61.617	69.540	TRANSITION
2000	47.237	98.944	62.734	72.421	0.	0.	0.
2100	47.237	101.249	64.513	77.145	0.	0.	0.
2200	47.237	103.446	66.233	81.869	0.	0.	0.
2300	47.237	105.546	67.897	86.592	0.	0.	0.
2400	47.237	107.557	69.508	91.316	0.	0.	0.
2500	47.237	109.485	71.069	96.040	0.	0.	0.
2600	47.237	111.338	72.582	100.764	0.	0.	0.
2700	47.237	113.120	74.051	105.487	0.	0.	0.
2800	47.237	114.838	75.477	110.211	0.	0.	0.
2900	47.237	116.496	76.863	114.935	0.	0.	0.
3000	47.237	118.097	78.211	119.659	0.	0.	0.
3100	47.237	119.646	79.523	124.382	0.	0.	0.
3200	47.237	121.146	80.800	129.106	0.	0.	0.
3300	47.237	122.600	82.045	133.830	0.	0.	0.
3400	47.237	124.010	83.259	138.554	0.	0.	0.
3500	47.237	125.379	84.443	143.277	0.	0.	0.
3600	47.237	126.710	85.598	148.001	0.	0.	0.
3630.956	47.237	127.114	85.951	149.463	FUGACITY = 1 bar
3700	47.237	128.004	86.727	152.725	409.098 7.788  0.110
3800	47.237	129.264	87.830	157.449	-407.864	19.039	-0.262
3900	47.237	130.491	88.908	162.172	-406.685	30.258	-0.405
4000	47.237	131.687	89.963	166.896	-405.560	41.447	-0.541
4100	47.237	132.853	90.995	171.620	-404.488	52.609	-0.670
4200	47.237	133.991	92.005	176.343	-403.467	63.745	-0.793
4300	47.237	135.103	92.994	181.067	-402.495	74.857	-0.909
4400	47.237	136.189	93.964	185.791	-401.570	85.948	-1.020
4500	47.237	137.250	94.914	190.515	-400.691	97.018	-1.126
