Titanium (Ti)	Ti1(l)
T(K)	Cp	S	-[G-H(Tr)]/T	H-H(Tr)	delta-f H	delta-f G	log Kf
0														
100														
200														
250														
298.15	27.638	39.181	39.181	0.	13.652	11.141	-1.952
300	27.639	39.352	39.181	0.051	13.657	11.126	-1.937
350	27.667	43.614	39.518	1.434	13.752	10.696	-1.596
400	27.694	47.310	40.266	2.818	13.810	10.255	-1.339
450	27.722	50.574	41.234	4.203	13.838	9.809	-1.139
500	27.750	53.496	42.316	5.590	13.842	9.360	-0.978
600	27.805	58.560	44.614	8.368	13.794	8.468	-0.737
700	27.860	62.851	46.921	11.151	13.689	7.587	-0.566
800	27.916	66.573	49.150	13.939	13.552	6.725	-0.439
900	28.104	69.871	51.272	16.739	13.361	5.882	-0.341
1000	28.423	72.847	53.283	19.564	13.065	5.066	-0.265
1100	28.875	75.576	55.188	22.428	12.614	4.286	-0.204
1200	29.459	78.113	56.993	25.343	8.035	3.674	-0.160
1300	30.175	80.498	58.711	28.324	8.035	3.311	-0.133
1400	31.023	82.765	60.348	31.383	8.035	2.948	-0.110
1460.000	31.595	84.078	61.297	33.261	GLASS <--> LIQUID
1460.000	47.237	84.078	61.297	33.261	TRANSITION
1500	47.237	85.355	61.921	35.150	8.652	2.576	-0.090
1600	47.237	88.404	63.482	39.874	10.121	2.122	-0.069
1700	47.237	91.267	65.033	44.598	11.473	1.580	-0.049
1800	47.237	93.967	66.566	49.321	12.693	0.962	-0.028
1900	47.237	96.521	68.076	54.045	13.768	0.281	-0.008
1939.000	47.237	97.481	68.658	55.887	BETA <--> LIQUID
2000	47.237	98.944	69.560	58.769	0. 0. 0.
2100	47.237	101.249	71.014	63.493	0.	0.	0.
2200	47.237	103.446	72.439	68.216	0.	0.	0.
2300	47.237	105.546	73.833	72.940	0.	0.	0.
2400	47.237	107.557	75.197	77.664	0.	0.	0.
2500	47.237	109.485	76.530	82.388	0.	0.	0.
2600	47.237	111.338	77.833	87.111	0.	0.	0.
2700	47.237	113.120	79.107	91.835	0.	0.	0.
2800	47.237	114.838	80.353	96.559	0.	0.	0.
2900	47.237	116.496	81.571	101.283	0.	0.	0.
3000	47.237	118.097	82.762	106.006	0.	0.	0.
3100	47.237	119.646	83.927	110.730	0.	0.	0.
3200	47.237	121.146	85.067	115.454	0.	0.	0.
3300	47.237	122.600	86.182	120.178	0.	0.	0.
3400	47.237	124.010	87.274	124.901	0.	0.	0.
3500	47.237	125.379	88.343	129.625	0.	0.	0.
3600	47.237	126.710	89.391	134.349	0.	0.	0.
3630.956	47.237	127.114	89.711	135.811	FUGACITY = 1 bar
3700	47.237	128.004	90.417	139.072	409.098 7.788  0.110
3800	47.237	129.264	91.423	143.796	-407.864	19.039	-0.262
3900	47.237	130.491	92.409	148.520	-406.685	30.258	-0.405
4000	47.237	131.687	93.376	153.244	-405.560	41.447	-0.541
4100	47.237	132.853	94.324	157.967	-404.488	52.609	-0.670
4200	47.237	133.991	95.255	162.691	-403.467	63.745	-0.793
4300	47.237	135.103	96.169	167.415	-402.495	74.858	-0.909
4400	47.237	136.189	97.066	172.139	-401.570	85.948	-1.020
4500	47.237	137.250	97.948	176.862	-400.691	97.018	-1.126
