Zinc (Zn)	Zn1(cr)
T(K)	Cp	S	-[G-H(Tr)]/T	H-H(Tr)	delta-f H	delta-f G	log Kf
0	0.	0.	INFINITE	-5.669	0.	0.	0.
100	19.455	16.523	63.224	-4.670	0.	0.	0.
200	24.050	31.820	44.005	-2.437	0.	0.	0.
250	25.039	37.290	42.132	-1.211	0.	0.	0.
298.15	25.387	41.717	41.717	0.	0.	0.	0.
300	25.406	41.874	41.717	0.047	0.	0.	0.
350	25.889	45.828	42.028	1.330	0.	0.	0.
400	26.346	49.314	42.725	2.636	0.	0.	0.
450	26.843	52.446	43.634	3.965	0.	0.	0.
500	27.386	55.301	44.660	5.321	0.	0.	0.
600	28.588	60.399	46.868	8.118	0.	0.	0.
692.730	29.802	64.591	48.965	10.825	CRYSTAL <--> LIQUID
700	29.900	64.903	49.129	11.042	7.333 0.077  0.006
800	31.284	68.985	51.360	14.101	-7.412	1.143	-0.075
900	32.716	72.752	53.530	17.300	-7.351	2.210	-0.128
1000	34.178	76.275	55.630	20.645	-7.144	3.262	-0.170
