T (K)   -[G-H(Tr)]/T (J/K/mol)  delta-f H (kJ/mol)    
298.15  238.488                 -527.184              
300     238.491                 -527.097              
400     244.739                 -522.070              
500     256.920                 516.246               
600     271.026                 -509.492              
700     285.634                 -501.888              
800     300.143                 -493.657              
900     314.279                 -484.982              
1000    327.920                 -475.997              
