Barium Iodide (BaI2)	Ba1I2(l)
T(K)	Cp	S	-[G-H(Tr)]/T	H-H(Tr)	delta-f H	delta-f G	log Kf
0														
100														
200														
298.15	77.488	183.669	183.669	0.000	-585.884	-587.390	102.908
300	77.530	184.149	183.671	0.143	-585.893	-587.399	102.275
400	79.538	206.728	186.736	7.997	-602.695	-587.244	76.686
500	81.546	224.693	192.590	16.051	-646.655	-579.156	60.504
600	83.513	239.733	199.227	24.304	-646.778	-565.632	49.243
699.990	85.521	252.756	205.963	32.754	GLASS <--> LIQUID
699.990	112.968	252.756	205.963	32.754	TRANSITION
700	112.968	252.758	205.964	32.756	-645.910	-552.186	41.205
800	112.968	267.842	212.777	44.052	-642.719	-539.009	35.194
900	112.968	281.148	219.649	55.349	-639.119	-526.261	30.543
984.000	112.968	291.228	225.336	64.838	CRYSTAL <--> LIQUID
1000	112.968	293.051	226.405	66.646	635.530  513.914 26.844
1100	112.968	303.818	232.960	77.943	-640.325	-501.106	23.796
1200	112.968	313.647	239.281	89.240	-637.003	-488.595	21.268
1300	112.968	322.689	245.354	100.536	-633.605	-476.365	19.141
1400	112.968	331.061	251.180	111.833	-630.159	-464.399	17.327
1500	112.968	338.855	256.768	123.130	-626.698	-452.680	15.764
1600	112.968	346.146	262.129	134.427	-623.251	-441.191	14.403
1700	112.968	352.995	267.275	145.724	-619.848	-429.917	13.210
1800	112.968	359.452	272.218	157.020	-616.516	-418.841	12.154
1900	112.968	365.559	276.972	168.317	-613.281	-407.948	11.215
2000	112.968	371.354	281.547	179.614	-610.164	-397.222	10.374
2100	112.968	376.866	285.956	190.911	-607.184	-386.649	9.617
2200	112.968	382.121	290.208	202.208	-743.879	-370.839	8.805
2300	112.968	387.143	294.315	213.504	-740.384	-353.962	8.039
2400	112.968	391.950	298.283	224.801	-737.157	-337.231	7.340
2500	112.968	396.562	302.123	236.098	-734.189	-320.629	6.699
2600	112.968	400.993	305.841	247.395	-731.462	-304.141	6.110
2700	112.968	405.256	309.445	258.692	-728.956	-287.754	5.567
2800	112.968	409.365	312.940	269.988	-726.644	-271.456	5.064
