Barium Bromide (BaBr2)	Ba1Br2(cr)
T(K)	Cp	S	-[G-H(Tr)]/T	H-H(Tr)	delta-f H	delta-f G	log Kf
0														
100														
200														
250														
298.15	77.015	148.532	148.532	0.000	-757.722	-738.000	129.295
300	77.053	149.009	148.533	0.143	-757.772	-737.877	128.476
400	79.216	171.471	151.582	7.956	-787.455	-725.089	94.687
500	81.379	189.380	157.409	15.986	-786.935	-709.575	74.129
600	83.542	204.409	164.022	24.232	-787.031	-694.082	60.425
700	85.701	217.449	170.743	32.694	-786.122	-678.671	50.643
800	87.864	229.034	177.319	41.372	-785.523	-663.354	43.313
900	90.027	239.507	183.656	50.267	-784.299	-648.154	37.618
1000	92.190	249.105	189.727	59.377	-782.869	-633.101	33.070
1100	94.353	257.993	195.534	68.705	-789.601	-617.382	29.317
1130.000	95.002	260.540	197.226	71.545	CRYSTAL <--> LIQUID
1200	96.512	266.295	201.089	78.248	787.992  601.795 26.195
1300	98.675	274.106	206.408	88.007	-786.076	-586.354	23.560
1400	100.839	281.498	211.510	97.983	-783.874	-571.071	21.307
1500	103.002	288.528	216.412	108.175	-781.409	-555.956	19.360
