Beryllium Sulfate, Beta (BeSO4)	Be1O4S1(cr)
T(K)	Cp	S	-[G-H(Tr)]/T	H-H(Tr)	delta-f H	delta-f G	log Kf
0														
100														
200														
298.15	85.697	79.258	79.258	0.	-1199.695	-1088.624	190.722
300	86.111	79.789	79.259	0.159	-1199.717	-1087.935	189.426
400	103.880	107.156	82.870	9.714	-1202.543	-1050.464	137.177
500	116.357	131.743	90.231	20.756	-1203.650	-1012.312	105.755
600	126.817	153.878	99.024	32.913	-1203.664	-974.025	84.796
700	137.988	174.253	108.332	46.145	-1202.680	-935.816	69.831
800	149.787	193.446	117.782	60.531	-1200.675	-897.818	58.621
900	162.046	211.792	127.215	76.120	-1250.747	-859.052	49.858
1000	174.431	229.532	136.564	92.967	-1245.362	-815.809	42.613
1100	183.088	246.583	145.797	110.864	-1239.126	-773.149	36.714
1200	189.209	262.789	154.877	129.494	-1232.339	-731.084	31.823
1300	193.543	278.114	163.773	148.643	-1225.204	-689.601	27.708
1400	196.581	292.574	172.462	168.157	-1217.867	-648.675	24.202
1500	198.656	306.211	180.928	187.925	-1210.436	-608.277	21.182
1600	200.004	319.079	189.164	207.863	-1217.526	-567.851	18.538
1700	200.706	331.228	197.167	227.903	-1209.730	-527.485	16.208
1800	200.832	342.704	204.937	247.981	-1201.980	-487.577	14.149
1900	200.832	353.563	212.476	268.065	-1194.306	-448.098	12.319
2000	200.832	363.864	219.790	288.148	-1186.712	-409.020	10.683
2100	200.832	373.663	226.886	308.231	-1179.196	-370.321	9.211
2200	200.832	383.005	233.772	328.314	-1171.757	-331.976	7.882
2300	200.832	391.933	240.456	348.397	-1164.395	-293.970	6.676
