Beryllium Iodide (BeI2)	Be1I2(cr)
T(K)	Cp	S	-[G-H(Tr)]/T	H-H(Tr)	delta-f H	delta-f G	log Kf
0														
100														
200														
298.15	68.961	120.499	120.499	0.	-188.698	-187.183	32.794
300	69.128	120.926	120.501	0.128	-188.702	-187.174	32.590
400	76.868	141.944	123.314	7.452	-204.858	-186.084	24.300
500	81.638	159.651	128.858	15.396	-247.213	-177.328	18.525
600	84.190	174.780	135.283	23.698	-244.932	-163.563	14.239
700	85.467	187.860	141.881	32.185	-242.604	-150.186	11.207
753.000	85.944	194.116	145.340	36.728	CRYSTAL <--> LIQUID
800	86.366	199.331	148.360	40.777	240.288  137.142 8.954
900	87.132	209.549	154.602	49.453	-237.995	-124.386	7.219
1000	87.789	218.764	160.565	58.200	-235.733	-111.885	5.844
1100	88.337	227.158	166.243	67.007	-233.512	-99.608	4.730
1200	88.780	234.864	171.645	75.864	-231.346	-87.531	3.810
1300	89.115	241.984	176.785	84.759	-229.252	-75.632	3.039
1400	89.341	248.597	181.681	93.683	-227.247	-63.891	2.384
1500	89.462	254.766	186.350	102.624	-225.354	-52.289	1.821
