Beryllium Hydroxide, Alpha (Be(OH)2)	Be1H2O2(cr)
T(K)	Cp	S	-[G-H(Tr)]/T	H-H(Tr)	delta-f H	delta-f G	log Kf
0														
100														
200														
298.15	65.701	53.555	53.555	0.	-902.907	-815.933	142.948
300	66.053	53.963	53.556	0.122	-902.923	-815.394	141.973
400	82.902	75.434	56.369	7.626	-903.139	-786.150	102.661
500	92.994	95.086	62.183	16.451	-902.397	-756.975	79.081
600	99.387	112.633	69.157	26.086	-901.119	-728.004	63.378
700	103.956	128.310	76.508	36.261	-899.527	-699.274	52.180
800	107.495	142.430	83.881	46.839	-897.735	-670.787	43.798
900	110.399	155.262	91.110	57.737	-895.810	-642.532	37.292
1000	112.905	167.027	98.121	68.906	-893.790	-614.498	32.098
