Calcium Iodide (CaI2)	Ca1I2(l)
T(K)	Cp	S	-[G-H(Tr)]/T	H-H(Tr)	delta-f H	delta-f G	log Kf
0														
100														
200														
298.15	77.157	178.942	178.942	0.	-500.170	-506.494	88.736
300	77.195	179.419	178.943	0.143	-500.176	-506.534	88.195
400	79.161	201.899	181.995	7.962	-516.630	-508.036	66.343
500	81.170	219.779	187.823	15.978	-559.576	-501.762	52.419
600	83.136	234.752	194.430	24.194	-558.057	-490.342	42.688
700	85.103	247.715	201.136	32.605	-556.551	-479.176	35.757
700.000	85.103	247.715	201.136	32.605	GLASS <--> LIQUID
+	
700.000	103.345	247.715	201.136	32.605	TRANSITION
800	103.345	261.515	207.840	42.940	-554.190	-468.240	30.573
900	103.345	273.687	214.494	53.274	-551.171	-457.680	26.563
1000	103.345	284.576	220.967	63.609	-548.459	-447.441	23.372
1052.000	103.345	289.815	224.242	68.983	CRYSTAL <--> LIQUID
1100	103.345	294.426	227.204	73.943	546.063  437.458 20.773
1200	103.345	303.418	233.186	84.278	-551.721	-427.056	18.589
1300	103.345	311.690	238.911	94.612	-548.742	-416.788	16.747
1400	103.345	319.349	244.387	104.947	-545.795	-406.749	15.176
1500	103.345	326.479	249.624	115.281	-542.888	-396.919	13.822
1600	103.345	333.148	254.638	125.616	-540.030	-387.281	12.643
1700	103.345	339.414	259.443	135.950	-537.232	-377.820	11.609
1800	103.345	345.321	264.051	146.285	-683.172	-366.311	10.630
1900	103.345	350.908	268.477	156.619	-679.094	-348.819	9.590
2000	103.345	356.209	272.732	166.954	-675.092	-331.540	8.659
2100	103.345	361.251	276.828	177.288	-671.165	-314.459	7.822
2200	103.345	366.059	280.776	187.623	-667.312	-297.564	7.065
2300	103.345	370.653	284.584	197.957	-663.528	-280.842	6.378
2400	103.345	375.051	288.263	208.292	-659.808	-264.284	5.752
2500	103.345	379.270	291.819	218.626	-656.147	-247.879	5.179
