Lithium Perchlorate (LiClO4)	Cl1Li1O4(l)
T(K)	Cp	S	-[G-H(Tr)]/T	H-H(Tr)	delta-f H	delta-f G	log Kf
0														
100														
200														
298.15	161.084	164.611	164.611	0.	-358.355	-243.178	42.604
300	161.084	165.608	164.614	0.298	-358.243	-242.463	42.217
400	161.084	211.949	170.933	16.406	-352.412	-204.763	26.739
500	161.084	247.894	182.864	32.515	-350.140	-168.166	17.568
509.000	161.084	250.767	184.039	33.965	CRYSTAL <--> LIQUID
600	161.084	277.263	196.224	48.623	345.150  132.242 11.513
700	161.084	302.094	209.620	64.732	-340.312	-97.142	7.249
800	161.084	323.604	222.554	80.840	-335.624	-62.725	4.096
900	161.084	342.577	234.856	96.948	-331.077	-28.887	1.677
1000	161.084	359.549	246.492	113.057	-326.647	4.451	-0.232
1100	161.084	374.901	257.479	129.165	-322.313	37.351	-1.774
1200	161.084	388.918	267.856	145.274	-318.059	69.859	-3.041
1300	161.084	401.811	277.671	161.382	-313.876	102.015	-4.099
1400	161.084	413.749	286.970	177.490	-309.751	133.852	-4.994
1500	161.084	424.862	295.797	193.599	-305.678	165.395	-5.760
