Copper Chloride (CuCl)	Cl1Cu1(l)
T(K)	Cp	S	-[G-H(Tr)]/T	H-H(Tr)	delta-f H	delta-f G	log Kf
0														
100														
200														
298.15	66.944	93.752	93.752	0.	-131.178	-115.987	20.320
300	66.944	94.166	93.754	0.124	-131.131	-115.893	20.179
400	66.944	113.425	96.379	6.818	-128.665	-111.189	14.520
500	66.944	128.363	101.338	13.513	-126.322	-107.093	11.188
600	66.944	140.569	106.890	20.207	-124.064	-103.461	9.007
700	66.944	150.888	112.457	26.901	-121.879	-100.201	7.477
703.000	66.944	151.174	112.622	27.102	CRYSTAL <--> LIQUID
800	66.944	159.827	117.832	33.596	119.759  97.249 6.350
900	66.944	167.712	122.945	40.290	-117.701	-94.560	5.488
1000	66.944	174.765	127.781	46.985	-115.709	-92.096	4.811
1100	66.944	181.146	132.347	53.679	-113.795	-89.828	4.266
1200	66.944	186.971	136.659	60.373	-111.976	-87.731	3.819
1300	66.944	192.329	140.738	67.068	-110.296	-85.779	3.447
1400	66.944	197.290	144.603	73.762	-121.908	-83.545	3.117
1500	66.944	201.909	148.271	80.457	-120.394	-80.857	2.816
1600	66.944	206.229	151.760	87.151	-118.884	-78.271	2.555
1700	66.944	210.288	155.084	93.845	-117.378	-75.779	2.328
1800	66.944	214.114	158.259	100.540	-115.877	-73.375	2.129
1900	66.944	217.734	161.294	107.234	-114.381	-71.055	1.953
2000	66.944	221.167	164.203	113.929	-112.889	-68.813	1.797
2100	66.944	224.433	166.994	120.623	-111.404	-66.646	1.658
2200	66.944	227.548	169.676	127.317	-109.924	-64.549	1.533
2300	66.944	230.524	172.257	134.012	-108.451	-62.519	1.420
2400	66.944	233.373	174.745	140.706	-106.986	-60.554	1.318
2500	66.944	236.105	177.145	147.401	-105.528	-58.649	1.225
2600	66.944	238.731	179.464	154.095	-104.079	-56.803	1.141
2700	66.944	241.257	181.706	160.789	-102.639	-55.012	1.064
2800	66.944	243.692	183.876	167.484	-101.209	-53.274	0.994
2900	66.944	246.041	185.980	174.178	-399.992	-45.591	0.821
3000	66.944	248.311	188.020	180.873	-397.786	-33.408	0.582
