Molybdenum Chloride (MoCl5)	Cl5Mo1(cr,l)
T(K)	Cp	S	-[G-H(Tr)]/T	H-H(Tr)	delta-f H	delta-f G	log Kf
0														
100														
200														
298.15	155.645	238.488	238.488	0.	-527.184	-423.483	74.192
300	155.728	239.451	238.491	0.288	-527.097	-422.840	73.623
400	167.360	285.854	244.739	16.446	-522.070	-388.825	50.775
467.000	174.929	312.345	252.573	27.913	CRYSTAL <--> LIQUID
467.000	175.728	352.662	252.573	46.741	TRANSITION
500	175.728	364.661	259.580	52.540	-497.452	-357.500	37.348
600	175.728	396.700	279.844	70.113	-491.576	-330.064	28.735
700	175.728	423.788	298.522	87.686	-485.856	-303.600	22.655
800	175.728	447.254	315.680	105.259	-480.253	-277.947	18.148
900	175.728	467.951	331.472	122.832	-474.748	-252.990	14.683
1000	175.728	486.466	346.062	140.404	-469.329	-228.642	11.943
1100	175.728	503.215	359.599	157.977	-463.995	-204.832	9.727
1200	175.728	518.505	372.213	175.550	-458.745	-181.504	7.901
