Sulfur Chloride (ClSSCl)	Cl2S2(l)
T(K)	Cp	S	-[G-H(Tr)]/T	H-H(Tr)	delta-f H	delta-f G	log Kf
0														
100														
200														
298.15	124.290	223.844	223.844	0.	-58.158	-39.271	6.880
300	124.290	224.613	223.846	0.230	-58.075	-39.154	6.817
400	124.290	260.369	228.721	12.659	-58.310	-33.318	4.351
500	124.290	288.103	237.927	25.088	-57.308	-27.213	2.843
600	124.290	310.764	248.236	37.517	-55.681	-21.336	1.857
700	124.290	329.923	258.572	49.946	-53.617	-15.771	1.177
800	124.290	346.520	268.551	62.375	-51.310	-10.519	0.687
900	124.290	361.159	278.044	74.804	-155.115	-3.405	0.198
1000	124.290	374.254	287.022	87.233	-150.135	13.185	-0.689
