Tungsten Chloride (WCl5)	Cl5W1(cr,l)
T(K)	Cp	S	-[G-H(Tr)]/T	H-H(Tr)	delta-f H	delta-f G	log Kf
0														
100														
200														
298.15	155.645	217.568	217.568	0.	-512.958	-401.811	70.396
300	155.875	218.531	217.571	0.288	-512.872	-401.122	69.842
400	167.435	264.957	223.823	16.454	-507.845	-364.608	47.613
500	178.996	303.562	236.011	33.775	-501.966	-329.460	34.418
526.000	182.004	312.711	239.577	38.468	CRYSTAL <--> LIQUID
526.000	182.004	351.823	239.577	59.041	TRANSITION
600	182.004	375.780	254.931	72.509	-474.870	-298.465	25.984
700	182.004	403.836	274.250	90.710	-468.450	-269.574	20.116
800	182.004	428.139	292.001	108.910	-462.144	-241.595	15.775
900	182.004	449.576	308.342	127.111	-455.933	-214.400	12.443
1000	182.004	468.752	323.441	145.311	-449.808	-187.892	9.814
1100	182.004	486.099	337.452	163.511	-443.762	-161.994	7.692
1200	182.004	501.935	350.509	181.712	-437.791	-136.643	5.948
1300	182.004	516.503	362.725	199.912	-431.891	-111.787	4.492
1400	182.004	529.991	374.197	218.113	-426.061	-87.382	3.260
1500	182.004	542.548	385.006	236.313	-420.301	-63.392	2.208
