Cobalt (Co)	Co1(l)
T(K)	Cp	S	-[G-H(Tr)]/T	H-H(Tr)	delta-f H	delta-f G	log Kf
0														
100														
200														
298.15	24.811	41.000	41.000	0.	18.004	14.745	-2.583
300	24.842	41.153	41.000	0.046	18.004	14.724	-2.564
350	25.686	45.046	41.306	1.309	18.004	14.178	-2.116
400	26.527	48.531	41.995	2.614	18.005	13.631	-1.780
450	27.390	51.706	42.900	3.963	18.005	13.084	-1.519
500	28.200	54.634	43.929	5.353	18.005	12.538	-1.310
600	29.665	59.909	46.162	8.248	18.006	11.444	-0.996
700	30.878	64.568	48.465	11.272	17.994	10.351	-0.772
800	32.426	68.786	50.745	14.433	17.555	9.323	-0.609
900	34.518	72.723	52.971	17.777	17.555	8.294	-0.481
1000	36.987	76.484	55.135	21.349	17.555	7.265	-0.379
1100	39.832	80.140	57.243	25.187	17.556	6.236	-0.296
1100.000	39.832	80.140	57.243	25.187	GLASS <--> LIQUID
1100.000	39.832	80.140	57.243	25.187	TRANSITION
1200	39.999	83.613	59.297	29.178	17.412	5.211	-0.227
1300	40.166	86.821	61.293	33.187	16.837	4.214	-0.169
1400	40.334	89.804	63.224	37.212	15.705	3.282	-0.122
1500	40.501	92.593	65.090	41.255	15.600	2.401	-0.084
1600	40.501	95.207	66.891	45.305	15.757	1.517	-0.050
1700	40.501	97.662	68.630	49.355	16.012	0.619	-0.019
1768.000	40.501	99.251	69.777	52.109	BETA <--> LIQUID
1800	40.501	99.977	70.308	53.405	0. 0. 0.
1900	40.501	102.167	71.928	57.455	0.	0.	0.
2000	40.501	104.245	73.492	61.505	0.	0.	0.
2100	40.501	106.221	75.004	65.555	0.	0.	0.
2200	40.501	108.105	76.466	69.606	0.	0.	0.
2300	40.501	109.905	77.881	73.656	0.	0.	0.
2400	40.501	111.629	79.251	77.706	0.	0.	0.
2500	40.501	113.282	80.580	81.756	0.	0.	0.
2600	40.501	114.871	81.868	85.806	0.	0.	0.
2700	40.501	116.399	83.119	89.856	0.	0.	0.
2800	40.501	117.872	84.334	93.906	0.	0.	0.
2900	40.501	119.293	85.515	97.956	0.	0.	0.
3000	40.501	120.666	86.664	102.006	0.	0.	0.
3100	40.501	121.994	87.783	106.057	0.	0.	0.
3184.943	40.501	123.089	88.710	109.497	FUGACITY = 1 bar
3200	40.501	123.280	88.872	110.107	374.813 1.773  0.029
3300	40.501	124.526	89.934	114.157	-373.387	13.519	-0.214
3400	40.501	125.736	90.969	118.207	-371.962	25.222	-0.387
3500	40.501	126.910	91.979	122.257	-370.541	36.883	-0.550
3600	40.501	128.051	92.965	126.307	-369.124	48.504	-0.704
3700	40.501	129.160	93.929	130.357	-367.712	60.085	-0.848
3800	40.501	130.240	94.870	134.407	-366.307	71.628	-0.985
3900	40.501	131.292	95.790	138.457	-364.910	83.135	-1.113
4000	40.501	132.318	96.691	142.508	-363.523	94.605	-1.235
