Zirconium Fluoride (ZrF2)	F2Zr1(cr)
T(K)	Cp	S	-[G-H(Tr)]/T	H-H(Tr)	delta-f H	delta-f G	log Kf
0														
100														
200														
298.15	65.940	75.312	75.312	0.	-962.320	-912.724	159.905
300	66.024	75.720	75.313	0.122	-962.303	-912.416	158.866
400	69.873	95.253	77.950	6.921	-961.282	-895.937	116.997
500	73.220	111.212	83.054	14.079	-960.115	-879.733	91.905
600	76.149	124.827	88.908	21.551	-958.807	-863.777	75.198
700	78.659	136.761	94.909	29.296	-957.380	-848.050	63.282
800	80.626	147.395	100.817	37.262	-955.874	-832.533	54.359
900	82.425	156.997	106.535	45.416	-954.322	-817.209	47.430
1000	84.015	165.766	112.026	53.741	-952.743	-802.058	41.895
1100	85.270	173.834	117.283	62.206	-951.168	-787.066	37.375
1175.000	86.107	179.486	121.074	68.633	CRYSTAL <--> LIQUID
1200	86.400	181.302	122.310	70.790	953.333  771.995 33.604
1300	87.404	188.258	127.119	79.481	-951.279	-756.966	30.415
1400	88.282	194.770	131.721	88.268	-949.193	-742.097	27.688
1500	88.826	200.879	136.130	97.124	-947.112	-727.377	25.330
1600	89.328	206.629	140.358	106.033	-945.058	-712.796	23.270
1700	89.621	212.053	144.418	114.981	-943.056	-698.341	21.457
1800	89.914	217.185	148.319	123.960	-941.123	-684.002	19.849
1900	89.956	222.048	152.073	132.954	-939.282	-669.768	18.413
2000	89.956	226.663	155.688	141.950	-937.554	-655.628	17.123
