Lithium Hydride (LiH)	H1Li1(l)
T(K)	Cp	S	-[G-H(Tr)]/T	H-H(Tr)	delta-f H	delta-f G	log Kf
0														
100														
200														
298.15	62.342	22.227	22.227	0.	-77.714	-56.189	9.844
300	62.342	22.613	22.228	0.115	-77.671	-56.055	9.760
400	62.342	40.547	24.673	6.349	-75.491	-49.187	6.423
500	62.342	54.458	29.291	12.584	-76.651	-42.525	4.443
600	62.342	65.825	34.462	18.818	-74.865	-35.866	3.122
700	62.342	75.435	39.646	25.052	-73.024	-29.511	2.202
800	62.342	83.759	44.651	31.286	-71.163	-23.422	1.529
900	62.342	91.102	49.413	37.520	-69.307	-17.566	1.020
961.800	62.342	95.242	52.226	41.373	CRYSTAL <--> LIQUID
1000	62.342	97.670	53.916	43.754	67.461  11.916 0.622
1100	62.342	103.612	58.168	49.989	-65.627	-6.451	0.306
1200	62.342	109.036	62.184	56.223	-63.808	-1.151	0.050
1300	62.342	114.026	65.983	62.457	-62.007	3.997	-0.161
1400	62.342	118.646	69.581	68.691	-60.221	9.007	-0.336
1500	62.342	122.948	72.997	74.925	-58.448	13.890	-0.484
1600	62.342	126.971	76.246	81.159	-56.689	18.655	-0.609
1700	62.342	130.750	79.342	87.394	-200.179	30.487	-0.937
1800	62.342	134.314	82.298	93.628	-197.692	43.983	-1.276
1900	62.342	137.684	85.126	99.862	-195.226	57.342	-1.576
2000	62.342	140.882	87.834	106.096	-192.781	70.572	-1.843
