Lithium Hydroxide (LiOH)	H1Li1O1(l)
T(K)	Cp	S	-[G-H(Tr)]/T	H-H(Tr)	delta-f H	delta-f G	log Kf
0														
100														
200														
298.15	87.086	47.969	47.969	0.	-474.422	-429.989	75.332
300	87.086	48.508	47.971	0.161	-474.360	-429.713	74.820
400	87.086	73.561	51.386	8.870	-471.191	-415.318	54.235
500	87.086	92.993	57.837	17.578	-471.406	-401.374	41.931
600	87.086	108.871	65.060	26.287	-468.725	-387.619	33.745
700	87.086	122.295	72.302	34.995	-466.038	-374.314	27.932
744.300	87.086	127.639	75.438	38.853	CRYSTAL <--> LIQUID
800	87.086	133.924	79.294	43.704	463.370  361.393 23.597
900	87.086	144.181	85.945	52.413	-460.743	-348.804	20.244
1000	87.086	153.357	92.235	61.121	-458.153	-336.506	17.577
1100	87.086	161.657	98.175	69.830	-455.600	-324.465	15.408
1200	87.086	169.234	103.786	78.538	-453.081	-312.655	13.610
1300	87.086	176.205	109.092	87.247	-450.596	-301.054	12.096
1400	87.086	182.659	114.119	95.955	-448.142	-289.642	10.807
1500	87.086	188.667	118.891	104.664	-445.716	-278.406	9.695
1600	87.086	194.287	123.429	113.373	-443.316	-267.330	8.727
1700	87.086	199.567	127.754	122.081	-586.177	-249.228	7.658
1800	87.086	204.544	131.883	130.790	-583.074	-229.497	6.660
1900	87.086	209.253	135.833	139.498	-580.004	-209.938	5.772
2000	87.086	213.720	139.616	148.207	-576.965	-190.540	4.976
2100	87.086	217.969	143.247	156.916	-573.958	-171.292	4.261
2200	87.086	222.020	146.736	165.624	-570.983	-152.187	3.613
2300	87.086	225.891	150.094	174.333	-568.041	-133.217	3.025
2400	87.086	229.597	153.330	183.041	-565.130	-114.375	2.489
2500	87.086	233.152	156.453	191.750	-562.253	-95.652	1.999
