Water, 1 Bar (H2O)	H2O1(l,g)
T(K)	Cp	S	-[G-H(Tr)]/T	H-H(Tr)	delta-f H	delta-f G	log Kf
0														
100														
200														
280	75.563	65.215	70.102	-1.368	-286.410	-240.123	44.796
298.15	75.351	69.950	69.950	0.	-285.830	-237.141	41.546
300	75.349	70.416	69.952	0.139	-285.771	-236.839	41.237
320	75.344	75.279	70.134	1.646	-285.137	-233.598	38.131
340	75.388	79.847	70.573	3.153	-284.506	-230.396	35.396
360	75.679	84.164	71.209	4.664	-283.874	-227.231	32.970
372.780	75.962	86.808	71.699	5.633	LIQUID <--> REAL GAS
372.780	36.800	195.911	71.699	46.304	PRESSURE = 1 bar
400	35.982	198.473	80.240	47.293	-243.009	-223.937	29.243
500	35.699	206.428	104.712	50.858	-243.896	-219.069	22.886
600	36.521	213.003	122.227	54.466	-244.797	-214.018	18.632
700	37.596	218.712	135.612	58.170	-245.658	-208.819	15.582
800	38.780	223.809	146.323	61.988	-246.461	-203.501	13.287
900	40.023	228.448	155.194	65.928	-247.198	-198.086	11.497
1000	41.292	232.730	162.736	69.994	-247.868	-192.593	10.060
1100	42.554	236.725	169.283	74.186	-248.468	-187.035	8.882
1200	43.781	240.481	175.061	78.504	-249.004	-181.426	7.897
1300	44.954	244.032	180.231	82.941	-249.479	-175.775	7.063
1400	46.062	247.404	184.910	87.492	-249.899	-170.090	6.346
1500	47.097	250.618	189.184	92.151	-250.269	-164.376	5.724
1600	48.057	253.689	193.120	96.909	-250.595	-158.639	5.179
1700	48.941	256.629	196.770	101.760	-250.884	-152.883	4.698
1800	49.753	259.450	200.175	106.695	-251.141	-147.111	4.269
