Mercury Iodide (Hg2I2)	Hg2I2(cr)
T(K)	Cp	S	-[G-H(Tr)]/T	H-H(Tr)	delta-f H	delta-f G	log Kf
0														
100														
200														
250														
298.15	105.855	241.291	241.291	0.	-119.085	-111.063	19.458
300	105.868	241.946	241.293	0.196	-119.093	-111.013	19.329
400	110.416	273.066	245.506	11.024	-135.435	-107.707	14.065
500	113.679	298.073	253.599	22.237	-177.873	-96.702	10.102
563.000	115.244	311.658	259.349	29.450	CRYSTAL <--> LIQUID
600	116.064	319.018	262.804	33.729	175.564  80.680 7.024
700	117.905	337.052	272.152	45.430	-290.578	-51.920	3.874
800	119.411	352.898	281.275	57.298	-286.646	-18.092	1.181
900	120.625	367.034	290.033	69.301	-282.590	15.235	-0.884
1000	121.713	379.800	298.381	81.419	-278.432	48.104	-2.513
1100	122.687	391.447	306.320	93.640	-274.183	80.553	-3.825
1200	123.554	402.161	313.866	105.953	-269.860	112.611	-4.902
1300	124.236	412.076	321.044	118.341	-265.485	144.307	-5.798
1400	125.143	421.314	327.880	130.808	-261.062	175.664	-6.554
1500	126.273	429.986	334.401	143.377	-256.578	206.702	-7.198
