Molybdenum Iodide, Alpha (MoI2)	I2Mo1(cr)
T(K)	Cp	S	-[G-H(Tr)]/T	H-H(Tr)	delta-f H	delta-f G	log Kf
0														
100														
200														
298.15	82.705	149.662	149.662	0.	-103.931	-105.396	18.465
300	82.730	150.173	149.663	0.153	-103.923	-105.405	18.353
400	83.977	174.144	152.923	8.488	-119.681	-105.390	13.763
500	85.224	193.017	159.120	16.948	-161.966	-97.768	10.214
600	86.471	208.665	166.110	25.533	-159.752	-85.135	7.412
700	87.718	222.089	173.171	34.243	-157.483	-72.878	5.438
800	88.964	233.883	180.037	43.077	-155.149	-60.950	3.980
900	90.211	244.433	186.616	52.035	-152.747	-49.318	2.862
1000	91.458	254.003	192.884	61.119	-150.278	-37.958	1.983
1100	92.705	262.778	198.844	70.327	-147.748	-26.848	1.275
1200	93.952	270.898	204.515	79.660	-145.166	-15.971	0.695
1300	95.199	278.467	209.915	89.117	-142.546	-5.310	0.213
1400	96.445	285.568	215.068	98.700	-139.900	5.147	-0.192
1500	97.696	292.264	219.993	108.407	-137.246	15.415	-0.537
