Sulfur (S)	S1(l)
T(K)	Cp	S	-[G-H(Tr)]/T	H-H(Tr)	delta-f H	delta-f G	log Kf
0														
100														
200														
250														
298.15	22.531	36.825	36.825	0.	1.854	0.432	-0.076
300	22.707	36.965	36.826	0.042	1.854	0.423	-0.074
350	27.434	40.821	37.120	1.295	1.941	0.180	-0.027
388.360	31.058	43.859	37.635	2.417	BETA <--> LIQUID
400	32.162	44.793	37.829	2.785	0. 0. 0.
432.020	53.829	47.431	38.442	3.884	Cp LAMBDA MAXIMUM
432.020	53.808	47.431	38.442	3.884	TRANSITION
450	43.046	49.308	38.840	4.711	0.	0.	0.
500	37.986	53.532	40.106	6.713	0.	0.	0.
600	34.308	60.078	42.915	10.298	0.	0.	0.
700	32.681	65.241	45.748	13.645	0.	0.	0.
800	31.699	69.530	48.460	16.856	0.	0.	0.
882.117	31.665	72.624	50.568	19.456	FUGACITY = 1 bar
900	31.665	73.260	51.012	20.023	53.090 1.079  0.063
1000	31.665	76.596	53.407	23.189	-51.780	7.028	-0.367
1100	31.665	79.614	55.654	26.356	-50.485	12.846	-0.610
1200	31.665	82.369	57.767	29.522	-49.205	18.546	-0.807
1300	31.665	84.904	59.758	32.689	-47.941	24.141	-0.970
1400	31.665	87.250	61.639	35.855	-46.693	29.639	-1.106
1500	31.665	89.435	63.420	39.021	-45.460	35.048	-1.220
