Beryllium (Be)	Be1(cr,l)
T(K)	Cp	S	-[G-H(Tr)]/T	H-H(Tr)	delta-f H	delta-f G	log Kf
0	0.	0.	INFINITE	-1.932	0.	0.	0.
100	1.819	0.503	19.434	-1.893	0.	0.	0.
200	9.984	4.174	10.751	-1.315	0.	0.	0.
250	13.574	6.801	9.695	-0.723	0.	0.	0.
298.15	16.380	9.440	9.440	0.	0.	0.	0.
300	16.472	9.542	9.440	0.030	0.	0.	0.
350	18.520	12.245	9.649	0.909	0.	0.	0.
400	19.965	14.817	10.136	1.872	0.	0.	0.
450	21.061	17.235	10.792	2.899	0.	0.	0.
500	21.943	19.501	11.551	3.975	0.	0.	0.
600	23.336	23.630	13.227	6.242	0.	0.	0.
700	24.463	27.314	14.981	8.634	0.	0.	0.
800	25.458	30.647	16.734	11.130	0.	0.	0.
900	26.384	33.699	18.452	13.723	0.	0.	0.
1000	27.274	36.525	20.119	16.406	0.	0.	0.
1100	28.147	39.166	21.732	19.177	0.	0.	0.
1200	29.016	41.652	23.290	22.035	0.	0.	0.
1300	29.886	44.009	24.793	24.980	0.	0.	0.
1400	30.763	46.256	26.247	28.013	0.	0.	0.
1500	31.650	48.409	27.653	31.133	0.	0.	0.
1527.000	31.892	48.975	28.025	31.991	ALPHA <--> BETA
1527.000	30.000	53.461	28.025	38.840	TRANSITION
1560.000	30.000	54.102	28.570	39.830	BETA <--> LIQUID
1560.000	28.788	59.163	28.570	47.725	TRANSITION
1600	28.874	59.893	29.344	48.879	0.	0.	0.
1700	29.089	61.650	31.193	51.777	0.	0.	0.
1800	29.304	63.319	32.932	54.696	0.	0.	0.
1900	29.519	64.909	34.573	57.638	0.	0.	0.
2000	29.734	66.429	36.128	60.600	0.	0.	0.
2100	29.949	67.884	37.606	63.584	0.	0.	0.
2200	30.164	69.283	39.014	66.590	0.	0.	0.
2300	30.379	70.628	40.360	69.617	0.	0.	0.
2400	30.594	71.926	41.648	72.666	0.	0.	0.
2500	30.809	73.179	42.885	75.736	0.	0.	0.
2600	31.024	74.391	44.073	78.828	0.	0.	0.
2700	31.239	75.566	45.218	81.941	0.	0.	0.
2741.437	31.328	76.043	45.680	83.237	FUGACITY = 1 bar
2800	31.454	76.706	46.322	85.075	290.957 6.223  0.116
2900	31.669	77.814	47.389	88.232	-289.894	16.817	-0.303
3000	31.884	78.891	48.421	91.409	-288.814	27.375	-0.477
3100	32.099	79.940	49.421	94.608	-287.718	37.897	-0.639
3200	32.314	80.963	50.391	97.829	-286.609	48.383	-0.790
3300	32.529	81.960	51.333	101.071	-285.488	58.834	-0.931
3400	32.744	82.934	52.248	104.335	-284.356	69.251	-1.064
3500	32.959	83.887	53.138	107.620	-283.215	79.635	-1.188
