Beryllium Hydroxide, Beta (Be(OH)2)	Be1H2O2(cr)
T(K)	Cp	S	-[G-H(Tr)]/T	H-H(Tr)	delta-f H	delta-f G	log Kf
0														
100														
200														
298.15	65.701	50.208	50.208	0.	-905.836	-817.864	143.286
300	66.053	50.615	50.209	0.122	-905.852	-817.318	142.308
400	82.902	72.087	53.022	7.626	-906.067	-787.740	102.868
500	92.994	91.739	58.836	16.451	-905.326	-758.230	79.212
600	99.387	109.286	65.810	26.086	-904.047	-728.924	63.458
700	103.956	124.963	73.161	36.261	-902.456	-699.859	52.224
800	107.495	139.082	80.533	46.839	-900.664	-671.038	43.814
900	110.399	151.915	87.763	57.737	-898.739	-642.449	37.287
1000	112.905	163.680	94.774	68.906	-896.719	-614.080	32.076
