Bromine (Br2)	Br2(cr,l)
T(K)	Cp	S	-[G-H(Tr)]/T	H-H(Tr)	delta-f H	delta-f G	log Kf
0	0.	0.	INFINITE	-24.509	0.	0.	0.
100	43.587	53.847	271.009	-21.716	0.	0.	0.
200	53.761	87.421	171.496	-16.815	0.	0.	0.
250	59.225	99.965	155.962	-13.999	0.	0.	0.
265.900	61.630	103.687	152.725	-13.039	CRYSTAL <--> LIQUID
265.900	77.724	143.445	152.725	-2.468	TRANSITION
298.15	75.674	152.206	152.206	0.	0.	0.	0.
300	75.624	152.674	152.208	0.140	0.	0.	0.
332.503	75.302	160.429	152.639	2.590	FUGACITY = 1 bar
350	75.302	164.291	153.126	3.908	28.882 1.538  0.230
400	75.302	174.347	155.164	7.673	-26.947	5.752	-0.751
450	75.302	183.216	157.798	11.438	-25.023	9.723	-1.129
500	75.302	191.150	160.743	15.203	-23.108	13.481	-1.408
