Calcium (Ca)	Ca1(cr,l)
T(K)	Cp	S	-[G-H(Tr)]/T	H-H(Tr)	delta-f H	delta-f G	log Kf
0	0.	0.	INFINITE	-5.736	0.	0.	0.
100	19.504	15.967	63.525	-4.756	0.	0.	0.
200	24.542	31.489	43.924	-2.487	0.	0.	0.
250	25.411	37.065	42.012	-1.237	0.	0.	0.
298.15	25.929	41.588	41.588	0.	0.	0.	0.
300	25.946	41.749	41.589	0.048	0.	0.	0.
350	26.320	45.774	41.906	1.354	0.	0.	0.
400	26.868	49.322	42.615	2.683	0.	0.	0.
450	27.643	52.531	43.541	4.045	0.	0.	0.
500	28.487	55.487	44.590	5.448	0.	0.	0.
600	30.382	60.846	46.861	8.391	0.	0.	0.
700	32.406	65.680	49.210	11.529	0.	0.	0.
716.000	32.737	66.416	49.586	12.051	ALPHA <--> BETA
716.000	31.503	67.715	49.586	12.981	TRANSITION
800	33.818	71.335	51.681	15.723	0.	0.	0.
900	36.713	75.484	54.097	19.249	0.	0.	0.
1000	39.706	79.507	56.437	23.069	0.	0.	0.
1100	42.763	83.434	58.714	27.192	0.	0.	0.
1115.000	43.226	84.017	59.050	27.837	BETA <--> LIQUID
1115.000	35.000	91.676	59.050	36.377	TRANSITION
1200	35.000	94.247	61.453	39.352	0.	0.	0.
1300	35.000	97.049	64.085	42.852	0.	0.	0.
1400	35.000	99.642	66.533	46.352	0.	0.	0.
1500	35.000	102.057	68.822	49.852	0.	0.	0.
1600	35.000	104.316	70.971	53.352	0.	0.	0.
1700	35.000	106.438	72.995	56.852	0.	0.	0.
1773.658	35.000	107.922	74.415	59.430	FUGACITY = 1 bar
1800	35.000	108.438	74.909	60.352	148.674 2.211  0.064
1900	35.000	110.331	76.724	63.852	-147.260	10.555	-0.290
2000	35.000	112.126	78.450	67.352	-145.852	18.824	-0.492
2100	35.000	113.834	80.094	70.852	-144.452	27.024	-0.672
2200	35.000	115.462	81.665	74.352	-143.062	35.157	-0.835
2300	35.000	117.018	83.169	77.852	-141.688	43.227	-0.982
2400	35.000	118.507	84.610	81.352	-140.332	51.237	-1.115
2500	35.000	119.936	85.995	84.852	-139.002	59.192	-1.237
