Iron Chloride (FeCl2)	Cl2Fe1(l)
T(K)	Cp	S	-[G-H(Tr)]/T	H-H(Tr)	delta-f H	delta-f G	log Kf
0	0												
100														
200														
298.15	102.173	139.876	139.876	0.	-311.336	-278.383	48.772
300	102.173	140.508	139.878	0.189	-311.256	-278.179	48.435
400	102.173	169.902	143.886	10.406	-307.137	-267.784	34.969
500	102.173	192.701	151.454	20.624	-303.343	-258.391	26.994
600	102.173	211.330	159.928	30.841	-299.844	-249.734	21.741
700	102.173	227.080	168.425	41.058	-296.624	-241.641	18.031
800	102.173	240.723	176.628	51.276	-293.721	-233.988	15.278
900	102.173	252.757	184.432	61.493	-291.253	-226.675	13.156
950.000	102.173	258.281	188.174	66.602	CRYSTAL <--> LIQUID
1000	102.173	263.522	191.812	71.710	289.520  219.603 11.471
1100	102.173	273.260	198.781	81.928	-288.695	-212.637	10.097
1200	102.173	282.151	205.363	92.145	-287.330	-205.802	8.958
1300	102.173	290.329	211.589	102.362	-284.328	-199.130	8.001
1400	102.173	297.901	217.487	112.580	-281.420	-192.686	7.189
1500	102.173	304.950	223.085	122.797	-278.604	-186.447	6.493
1600	102.173	311.544	228.410	133.014	-275.881	-180.393	5.889
1700	102.173	317.738	233.484	143.232	-274.200	-174.487	5.361
1800	102.173	323.578	238.329	153.449	-271.997	-168.686	4.895
1900	102.173	329.103	242.962	163.666	-283.985	-162.302	4.462
2000	102.173	334.343	247.402	173.884	-282.207	-155.944	4.073
