Tantalum Chloride (TaCl5)	Cl5Ta1(cr)
T(K)	Cp	S	-[G-H(Tr)]/T	H-H(Tr)	delta-f H	delta-f G	log Kf
0														
100														
200														
298.15	147.904	221.752	221.752	0.	-858.975	-746.448	130.775
300	147.904	222.667	221.755	0.274	-858.905	-745.750	129.847
400	147.904	265.216	227.556	15.064	-855.349	-708.578	92.531
489.700	147.904	295.142	237.288	28.331	CRYSTAL <--> LIQUID
500	147.904	298.220	238.511	29.854	852.096  672.267 70.231
600	147.904	325.186	250.778	44.645	-849.046	-636.591	55.420
700	147.904	347.986	263.078	59.435	-846.139	-601.413	44.878
