Sulfur Chloride (SCl2)	Cl2S1(l)
T(K)	Cp	S	-[G-H(Tr)]/T	H-H(Tr)	delta-f H	delta-f G	log Kf
0														
100														
200														
298.15	91.002	183.678	183.678	0.	-49.790	-28.485	4.990
300	91.002	184.241	183.679	0.168	-49.726	-28.353	4.937
400	91.002	210.420	187.249	9.269	-48.693	-21.639	2.826
500	91.002	230.727	193.989	18.369	-47.092	-15.075	1.575
600	91.002	247.318	201.537	27.469	-45.209	-8.843	0.770
700	91.002	261.346	209.105	36.569	-43.127	-2.945	0.220
800	91.002	273.498	216.411	45.669	-40.938	2.647	-0.173
