Titanium Chloride (TiCl4)	Cl4Ti1(l)
T(K)	Cp	S	-[G-H(Tr)]/T	H-H(Tr)	delta-f H	delta-f G	log Kf
0														
100														
200	144.700	164.061	235.188	-14.226	-809.575	-754.157	196.965
249.046	144.910	195.826	224.422	-7.122	CRYSTAL <--> LIQUID
298.15	145.205	221.925	221.925	0.	804.165  728.139 127.567
300	145.220	222.824	221.928	0.269	-804.069	-727.668	126.698
400	146.170	264.741	227.637	14.842	-799.049	-702.966	91.798
500	147.080	297.456	238.447	29.504	-794.269	-679.502	70.987
600	147.985	324.352	250.589	44.258	-789.606	-656.987	57.196
700	148.892	347.232	262.801	59.101	-784.994	-635.249	47.403
800	149.800	367.173	274.628	74.036	-780.383	-614.172	40.101
900	150.709	384.869	285.912	89.061	-775.789	-593.672	34.456
1000	151.620	400.795	296.617	104.178	-771.267	-573.680	29.966
