Cobalt Fluoride (CoF3)	Co1F3(cr)
T(K)	Cp	S	-[G-H(Tr)]/T	H-H(Tr)	delta-f H	delta-f G	log Kf
0														
100														
200														
298.15	91.797	94.558	94.558	0.	-790.358	-718.893	125.947
300	92.471	95.128	94.560	0.170	-790.320	-718.450	125.093
400	97.470	122.481	98.255	9.691	-788.197	-694.811	90.733
500	99.701	144.498	105.375	19.561	-786.113	-671.708	70.173
600	100.454	162.742	113.461	29.569	-784.209	-649.010	56.501
700	101.219	178.285	121.638	39.653	-782.489	-626.614	46.759
800	101.981	191.849	129.584	49.812	-781.344	-604.393	39.463
900	102.839	203.909	137.185	60.051	-779.930	-582.361	33.799
1000	103.868	214.796	144.410	70.386	-778.703	-560.477	29.276
1100	105.027	224.750	151.268	80.830	-777.675	-538.706	25.581
1200	106.248	233.940	157.779	91.393	-776.867	-517.019	22.505
1300	107.587	242.497	163.970	102.084	-776.412	-495.386	19.905
1400	108.935	250.519	169.869	112.910	-776.429	-473.771	17.677
1500	110.320	258.082	175.500	123.873	-775.330	-452.188	15.747
