Cesium (Cs)	Cs1(cr,l)
T(K)	Cp	S	-[G-H(Tr)]/T	H-H(Tr)	delta-f H	delta-f G	log Kf
0	0.	0.	INFINITE	-7.717	0.	0.	0.
100	25.812	54.952	110.635	-5.568	0.	0.	0.
200	27.804	73.453	87.892	-2.888	0.	0.	0.
250	29.201	79.784	85.656	-1.468	0.	0.	0.
298.15	32.195	85.147	85.147	0.	0.	0.	0.
300	32.355	85.347	85.148	0.060	0.	0.	0.
301.550	32.501	85.514	85.149	0.110	CRYSTAL <--> LIQUID
301.550	32.393	92.436	85.149	2.197	TRANSITION
350	31.898	97.225	86.498	3.754	0.	0.	0.
400	31.518	101.458	88.110	5.339	0.	0.	0.
450	31.310	105.158	89.803	6.910	0.	0.	0.
500	31.154	108.448	91.506	8.471	0.	0.	0.
600	30.999	114.113	94.817	11.578	0.	0.	0.
700	30.941	118.887	97.923	14.674	0.	0.	0.
800	30.932	123.017	100.808	17.768	0.	0.	0.
900	30.957	126.662	103.482	20.862	0.	0.	0.
947.967	30.976	128.270	104.696	22.348	FUGACITY = 1 bar
1000	30.999	129.926	105.966	23.960	67.129 3.699  0.193
1100	31.054	132.883	108.280	27.062	-66.105	10.733	-0.510
1200	31.116	135.587	110.445	30.171	-65.075	17.673	-0.769
1300	31.188	138.081	112.476	33.286	-64.040	24.526	-0.985
1400	31.263	140.395	114.389	36.409	-62.998	31.300	-1.168
1500	31.342	142.554	116.195	39.539	-61.950	37.999	-1.323
