Zirconium Fluoride (ZrF3)	F3Zr1(cr)
T(K)	Cp	S	-[G-H(Tr)]/T	H-H(Tr)	delta-f H	delta-f G	log Kf
0														
100														
200														
298.15	83.680	87.864	87.864	0.	-1401.640	-1325.555	232.232
300	84.308	88.384	87.866	0.155	-1401.618	-1325.083	230.718
400	91.839	113.729	91.270	8.984	-1400.178	-1299.777	169.733
500	96.860	134.789	97.927	18.431	-1398.404	-1274.876	133.185
600	100.416	152.778	105.606	28.303	-1396.433	-1250.353	108.853
700	102.926	168.451	113.489	38.474	-1394.357	-1226.170	91.498
800	105.018	182.339	121.244	48.876	-1392.218	-1202.289	78.501
900	106.483	194.795	128.736	59.453	-1390.070	-1178.677	68.409
1000	107.738	206.083	135.915	70.168	-1387.946	-1155.303	60.347
1100	108.491	216.390	142.769	80.983	-1385.882	-1132.139	53.761
1200	108.868	225.847	149.304	91.851	-1387.635	-1108.937	48.271
1300	109.202	234.574	155.532	102.755	-1385.253	-1085.809	43.628
1400	109.495	242.678	161.471	113.690	-1382.915	-1062.863	39.656
1500	109.746	250.241	167.139	124.653	-1380.632	-1040.082	36.219
