Iron Hydroxide (Fe(OH)2)	Fe1H2O2(cr)
T(K)	Cp	S	-[G-H(Tr)]/T	H-H(Tr)	delta-f H	delta-f G	log Kf
0														
100														
200														
298.15	97.069	87.864	87.864	0.	-574.045	-491.969	86.191
300	97.152	88.465	87.866	0.180	-574.019	-491.460	85.571
400	102.090	117.096	91.736	10.144	-572.560	-464.155	60.612
500	106.776	140.383	99.206	20.589	-570.950	-437.238	45.678
600	111.294	160.255	107.764	31.495	-569.218	-410.656	35.751
700	115.478	177.734	116.535	42.839	-567.392	-384.373	28.682
800	118.951	193.391	125.181	54.568	-565.567	-358.353	23.398
900	121.545	207.559	133.559	66.599	-563.945	-332.552	19.301
1000	123.386	220.466	141.614	78.852	-562.905	-306.906	16.031
1100	124.516	232.283	149.328	91.251	-562.696	-281.301	13.358
1200	125.102	243.145	156.699	103.735	-561.930	-255.773	11.134
1300	125.353	253.170	163.740	116.259	-559.553	-230.357	9.256
1400	125.436	262.462	170.463	128.799	-557.318	-205.119	7.653
1500	125.520	271.119	176.889	141.346	-555.230	-180.036	6.269
