Potassium Iodide (KI)	I1K1(l)
T(K)	Cp	S	-[G-H(Tr)]/T	H-H(Tr)	delta-f H	delta-f G	log Kf
0														
100														
200														
298.15	72.383	114.098	114.098	0.	-312.846	-310.269	54.358
300	72.383	114.546	114.100	0.134	-312.817	-310.253	54.020
400	72.383	135.369	116.939	7.372	-321.876	-308.881	40.336
500	72.383	151.521	122.300	14.611	-341.844	-303.743	31.732
600	72.383	164.718	128.303	21.849	-339.522	-296.340	25.799
700	72.383	175.876	134.323	29.087	-337.163	-289.329	21.590
800	72.383	185.541	140.135	36.326	-334.792	-282.657	18.456
900	72.383	194.067	145.663	43.564	-332.431	-276.282	16.035
954.000	72.383	198.285	148.523	47.473	CRYSTAL <--> LIQUID
1000	72.383	201.693	150.891	50.802	330.106  270.169 14.112
1100	72.383	208.592	155.828	58.040	-406.794	-259.675	12.331
1200	72.383	214.890	160.491	65.279	-403.551	-246.444	10.727
1300	72.383	220.684	164.902	72.517	-400.320	-233.483	9.381
1400	72.383	226.048	169.080	79.755	-397.104	-220.770	8.237
1500	72.383	231.042	173.046	86.994	-393.909	-208.286	7.253
1600	72.383	235.714	176.819	94.232	-390.740	-196.015	6.399
1700	72.383	240.102	180.413	101.470	-387.602	-183.941	5.652
1800	72.383	244.239	183.845	108.709	-384.499	-172.051	4.993
1900	72.383	248.153	187.128	115.947	-381.435	-160.332	4.408
2000	72.383	251.866	190.273	123.185	-378.411	-148.773	3.886
2100	72.383	255.397	193.291	130.424	-375.428	-137.365	3.417
2200	72.383	258.764	196.191	137.662	-372.485	-126.098	2.994
2300	72.383	261.982	198.982	144.900	-369.581	-114.963	2.611
2400	72.383	265.063	201.671	152.139	-366.713	-103.955	2.263
2500	72.383	268.017	204.267	159.377	-363.879	-93.065	1.944
