Sodium (Na)	Na1(cr)
T(K)	Cp	S	-[G-H(Tr)]/T	H-H(Tr)	delta-f H	delta-f G	log Kf
0	0.	0.	INFINITE	-6.447	0.	0.	0.
55.120	18.800	11.738	121.072	-6.027	Cp HUMP MAXIMUM
55.120	18.791	11.738	121.072	-6.027	TRANSITION
100	22.451	23.814	74.885	-5.107	0.	0.	0.
200	25.987	40.697	53.954	-2.651	0.	0.	0.
250	27.008	46.604	51.911	-1.327	0.	0.	0.
298.15	28.154	51.455	51.455	0.	0.	0.	0.
300	28.204	51.629	51.455	0.052	0.	0.	0.
350	30.142	56.104	51.805	1.505	0.	0.	0.
370.980	31.583	57.898	52.098	2.152	CRYSTAL <--> LIQUID
400	32.489	60.315	52.608	3.083	2.591 0.203  0.027
450	33.103	64.180	53.683	4.724	-2.513	0.548	-0.064
500	33.472	67.689	54.910	6.389	-2.386	0.882	-0.092
600	33.472	73.792	57.564	9.736	-2.055	1.506	-0.131
700	33.472	78.951	60.260	13.084	-1.660	2.069	-0.154
800	33.472	83.421	62.882	16.431	-1.222	2.572	-0.168
900	33.472	87.363	65.388	19.778	-0.762	3.019	-0.175
1000	33.472	90.890	67.765	23.125	-0.302	3.414	-0.178
