Sulfur, Monoclinic (S)	S1(cr)
T(K)	Cp	S	-[G-H(Tr)]/T	H-H(Tr)	delta-f H	delta-f G	log Kf
0	0.	0.	INFINITE	-4.525	0.247	0.247	INFINITE
100	12.874	12.964	51.217	-3.825	0.257	0.213	-0.111
198.300	21.966	24.242	35.146	-2.162	Cp LAMBDA MAXIMUM
198.300	21.966	24.242	35.146	-2.162	TRANSITION
200	20.154	24.421	35.054	-2.127	0.313	0.157	-0.041
250	21.736	29.066	33.402	-1.084	0.336	0.115	-0.024
298.15	23.225	33.028	33.028	0.	0.360	0.070	-0.012
300	23.276	33.172	33.028	0.043	0.361	0.068	-0.012
350	24.414	36.849	33.316	1.237	0.388	0.017	-0.003
368.300	24.773	38.103	33.523	1.687	ALPHA <--> BETA
388.360	25.167	39.427	33.794	2.188	BETA <--> LIQUID
400	25.397	40.173	33.969	2.482	-1.797	0.050	-0.007
450	26.380	43.222	34.830	3.776	-2.428	0.310	-0.036
500	27.363	46.052	35.812	5.120	-3.087	0.653	-0.068
600	29.330	51.215	37.957	7.955	-3.838	1.481	-0.129
700	31.296	55.884	40.189	10.986	-4.153	2.397	-0.179
800	33.263	60.191	42.424	14.214	-4.136	3.335	-0.218
