Strontium (Sr)	Sr1(l)
T(K)	Cp	S	-[G-H(Tr)]/T	H-H(Tr)	delta-f H	delta-f G	log Kf
0														
100														
200														
250														
298.15	39.463	50.901	50.901	0.	0.911	2.340	-0.410
300	39.463	51.145	50.902	0.073	0.934	2.348	-0.409
400	39.463	62.498	52.450	4.019	2.151	2.634	-0.344
500	39.463	71.304	55.373	7.966	3.270	2.623	-0.274
600	39.463	78.498	58.645	11.912	4.286	2.396	-0.209
700	39.463	84.582	61.927	15.858	5.199	2.008	-0.150
800	39.463	89.851	65.096	19.804	6.005	1.496	-0.098
900	39.463	94.499	68.110	23.751	6.077	0.961	-0.056
1000	39.463	98.657	70.960	27.697	6.990	0.343	-0.018
1050.000	39.463	100.582	72.325	29.670	BETA <--> LIQUID
1100	39.463	102.418	73.652	31.643	0. 0. 0.
1200	39.463	105.852	76.194	35.589	0.	0.	0.
1300	39.463	109.010	78.598	39.536	0.	0.	0.
1400	39.463	111.935	80.877	43.482	0.	0.	0.
1500	39.463	114.658	83.039	47.428	0.	0.	0.
1600	39.463	117.204	85.095	51.374	0.	0.	0.
1685.492	39.463	119.259	86.777	54.748	FUGACITY = 1 bar
1700	39.463	119.597	87.055	55.321	136.914 1.180  0.036
1800	39.463	121.853	88.926	59.267	-135.054	9.249	-0.268
1900	39.463	123.986	90.716	63.213	-133.199	17.215	-0.473
2000	39.463	126.010	92.431	67.159	-131.352	25.084	-0.655
2100	39.463	127.936	94.076	71.106	-129.518	32.861	-0.817
2200	39.463	129.771	95.657	75.052	-127.700	40.550	-0.963
2300	39.463	131.526	97.179	78.998	-125.904	48.158	-1.094
2400	39.463	133.205	98.645	82.944	-124.137	55.688	-1.212
2500	39.463	134.816	100.060	86.891	-122.406	63.145	-1.319
2600	39.463	136.364	101.427	90.837	-120.720	70.533	-1.417
2700	39.463	137.853	102.748	94.783	-119.086	77.858	-1.506
2800	39.463	139.288	104.028	98.729	-117.516	85.123	-1.588
2900	39.463	140.673	105.268	102.676	-116.019	92.334	-1.663
3000	39.463	142.011	106.470	106.622	-114.605	99.494	-1.732
