Zinc (Zn)	Zn1(l)
T(K)	Cp	S	-[G-H(Tr)]/T	H-H(Tr)	delta-f H	delta-f G	log Kf
0														
100														
200														
250														
298.15	25.387	50.792	50.792	0.	6.519	3.813	-0.668
300	25.406	50.949	50.793	0.047	6.519	3.796	-0.661
350	25.889	54.903	51.104	1.330	6.519	3.343	-0.499
400	26.346	58.390	51.801	2.636	6.519	2.889	-0.377
440.000	26.740	60.919	52.516	3.697	GLASS <--> LIQUID
440.000	31.380	60.919	52.516	3.697	TRANSITION
450	31.380	61.624	52.711	4.011	6.565	2.435	-0.283
500	31.380	64.930	53.770	5.580	6.778	1.964	-0.205
600	31.380	70.652	56.122	8.718	7.119	0.967	-0.084
692.730	31.380	75.161	58.376	11.628	CRYSTAL <--> LIQUID
700	31.380	75.489	58.552	11.856	0. 0. 0.
800	31.380	79.679	60.937	14.994	0.	0.	0.
900	31.380	83.375	63.228	18.132	0.	0.	0.
1000	31.380	86.681	65.411	21.270	0.	0.	0.
1100	31.380	89.672	67.483	24.408	0.	0.	0.
1180.173	31.380	91.880	69.066	26.924	FUGACITY = 1 bar
1200	31.380	92.402	69.448	27.546	115.101 1.935  0.084
1300	31.380	94.914	71.311	30.684	-114.041	11.646	-0.468
1400	31.380	97.240	73.081	33.822	-112.982	21.274	-0.794
1500	31.380	99.405	74.765	36.960	-111.923	30.827	-1.073
1600	31.380	101.430	76.369	40.098	-110.863	40.309	-1.316
1700	31.380	103.332	77.899	43.236	-109.804	49.725	-1.528
1800	31.380	105.126	79.363	46.374	-108.744	59.078	-1.714
1900	31.380	106.823	80.764	49.512	-107.685	68.373	-1.880
2000	31.380	108.432	82.107	52.650	-106.626	77.612	-2.027
